100 100
0.791 0.918 0.025 0.238 0.701 0.458 0.639 0.816 0.154 0.785 0.838 0.495 0.013 0.690 0.382 0.185 0.558 0.941 0.150 0.832 0.455 0.805 0.316 0.888 0.470 0.460 0.006 0.547 0.465 0.869 0.422 0.045 0.222 0.253 0.833 0.306 0.532 0.755 0.187 0.561 0.519 0.266 0.913 0.784 0.086 0.208 0.406 0.849 0.415 0.505 0.173 0.895 0.316 0.690 0.319 0.261 0.945 0.710 0.705 0.686 0.461 0.444 0.641 0.789 0.353 0.023 0.881 0.900 0.485 0.574 0.177 0.339 0.798 0.193 0.386 0.195 0.319 0.309 0.947 0.620 0.895 0.939 0.021 0.648 0.886 0.373 0.797 0.668 0.585 0.974 0.846 0.126 0.264 0.750 0.738 0.982 0.395 0.137 0.407 0.398
0.509 0.630 0.202 0.227 0.368 0.096 0.312 0.728 0.662 0.621 0.894 0.949 0.429 0.380 0.745 0.489 0.187 0.300 0.065 0.280 0.237 0.587 0.372 0.624 0.898 0.355 0.626 0.564 0.552 0.457 0.306 0.338 0.032 0.379 0.056 0.367 0.603 0.284 0.766 0.707 0.748 0.978 0.601 0.962 0.516 0.811 0.363 0.239 0.209 0.394 0.729 0.228 0.266 0.940 0.611 0.116 0.109 0.036 0.070 0.616 0.659 0.077 0.837 0.460 0.169 0.377 0.713 0.742 0.047 0.846 0.225 0.824 0.289 0.544 0.449 0.269 0.818 0.536 0.630 0.725 0.433 0.240 0.439 0.988 0.527 0.749 0.522 0.208 0.958 0.936 0.125 0.845 0.367 0.004 0.481 0.439 0.854 0.638 0.814 0.910
0.120 0.113 0.314 0.417 0.104 0.236 0.554 0.352 0.786 0.932 0.164 0.980 0.685 0.462 0.194 0.013 0.071 0.106 0.331 0.207 0.339 0.423 0.240 0.117 0.926 0.672 0.979 0.446 0.963 0.220 0.926 0.986 0.391 0.631 0.948 0.737 0.260 0.748 0.361 0.734 0.868 0.296 0.142 0.017 0.458 0.583 0.406 0.627 0.443 0.635 0.539 0.736 0.427 0.469 0.690 0.928 0.561 0.034 0.974 0.478 0.353 0.598 0.725 0.154 0.912 0.207 0.036 0.324 0.985 0.706 0.656 0.791 0.511 0.768 0.644 0.726 0.699 0.373 0.474 0.329 0.213 0.526 0.854 0.220 0.061 0.825 0.018 0.304 0.354 0.994 0.907 0.415 0.919 0.675 0.535 0.435 0.228 0.812 0.850 0.672
0.547 0.565 0.796 0.691 0.214 0.900 0.961 0.327 0.808 0.682 0.097 0.005 0.111 0.569 0.250 0.609 0.896 0.128 0.238 0.656 0.932 0.855 0.593 0.106 0.650 0.810 0.317 0.387 0.545 0.333 0.609 0.076 0.335 0.254 0.834 0.735 0.944 0.143 0.380 0.132 0.101 0.485 0.890 0.687 0.001 0.582 0.394 0.260 0.680 0.855 0.704 0.039 0.388 0.265 0.215 0.067 0.506 0.509 0.322 0.833 0.862 0.263 0.282 0.519 0.480 0.407 0.746 0.280 0.093 0.286 0.474 0.785 0.829 0.603 0.550 0.445 0.032 0.640 0.802 0.479 0.282 0.777 0.492 0.765 0.568 0.385 0.547 0.354 0.303 0.053 0.202 0.764 0.927 0.416 0.189 0.323 0.739 0.225 0.107 0.291
0.181 0.051 0.724 0.115 0.178 0.498 0.964 0.034 0.555 0.320 0.146 0.756 0.011 0.324 0.342 0.347 0.114 0.938 0.080 0.801 0.683 0.529 0.767 0.582 0.535 0.778 0.875 0.106 0.140 0.453 0.783 0.125 0.600 0.848 0.152 0.053 0.612 0.828 0.810 0.128 0.553 0.702 0.706 0.412 0.531 0.534 0.880 0.572 0.360 0.745 0.035 0.374 0.357 0.960 0.936 0.834 0.127 0.207 0.329 0.755 0.623 0.708 0.183 0.836 0.199 0.953 0.011 0.324 0.249 0.115 0.377 0.706 0.949 0.989 0.979 0.887 0.607 0.931 0.778 0.204 0.615 0.045 0.699 0.555 0.177 0.102 0.462 0.397 0.272 0.149 0.143 0.871 0.038 0.972 0.600 0.861 0.815 0.834 0.870 0.233
0.545 0.063 0.318 0.501 0.499 0.171 0.849 0.600 0.873 0.451 0.980 0.409 0.344 0.354 0.476 0.014 0.894 0.767 0.104 0.619 0.044 0.460 0.569 0.405 0.898 0.900 0.533 0.605 0.210 0.286 0.701 0.114 0.484 0.498 0.291 0.189 0.092 0.785 0.843 0.525 0.114 0.453 0.457 0.644 0.357 0.146 0.108 0.041 0.651 0.708 0.814 0.106 0.694 0.642 0.795 0.252 0.145 0.016 0.676 0.736 0.255 0.570 0.751 0.297 0.710 0.167 0.326 0.853 0.816 0.857 0.986 0.315 0.163 0.788 0.812 0.949 0.506 0.762 0.733 0.977 0.475 0.390 0.655 0.911 0.030 0.564 0.993 0.691 0.196 0.779 0.815 0.813 0.777 0.328 0.307 0.465 0.600 0.033 0.422 0.398
0.144 0.340 0.919 0.813 0.936 0.001 0.366 0.365 0.500 0.404 0.162 0.904 0.080 0.758 0.316 0.612 0.387 0.330 0.844 0.936 0.660 0.238 0.481 0.956 0.451 0.516 0.027 0.302 0.118 0.699 0.188 0.813 0.323 0.869 0.596 0.818 0.609 0.938 0.368 0.967 0.277 0.598 0.264 0.911 0.565 0.041 0.699 0.293 0.150 0.128 0.115 0.060 0.506 0.398 0.904 0.328 0.495 0.818 0.249 0.076 0.587 0.617 0.356 0.545 0.955 0.870 0.913 0.905 0.079 0.826 0.979 0.851 0.663 0.109 0.399 0.998 0.278 0.885 0.601 0.861 0.630 0.508 0.387 0.785 0.235 0.087 0.259 0.619 0.579 0.414 0.052 0.890 0.400 0.492 0.176 0.239 0.955 0.528 0.819 0.333
0.879 0.582 0.962 0.545 0.083 0.096 0.445 0.137 0.080 0.079 0.358 0.919 0.075 0.971 0.804 0.606 0.432 0.962 0.844 0.154 0.792 0.876 0.214 0.245 0.320 0.981 0.787 0.962 0.829 0.362 0.197 0.381 0.643 0.815 0.922 0.443 0.440 0.306 0.701 0.597 0.153 0.436 0.985 0.076 0.527 0.950 0.387 0.420 0.626 0.670 0.444 0.972 0.109 0.360 0.230 0.155 0.740 0.255 0.126 0.790 0.661 0.615 0.189 0.219 0.741 0.344 0.030 0.706 0.602 0.207 0.196 0.606 0.484 0.052 0.989 0.455 0.008 0.372 0.857 0.912 0.119 0.575 0.387 0.272 0.522 0.160 0.621 0.455 0.826 0.005 0.607 0.685 0.839 0.482 0.762 0.173 0.872 0.238 0.844 0.168
0.865 0.002 0.528 0.145 0.165 0.127 0.126 0.593 0.186 0.306 0.226 0.477 0.534 0.412 0.029 0.820 0.891 0.626 0.720 0.397 0.513 0.206 0.850 0.428 0.530 0.211 0.476 0.639 0.180 0.466 0.250 0.252 0.488 0.171 0.319 0.959 0.409 0.054 0.694 0.185 1.000 0.127 0.780 0.293 0.149 0.631 0.281 0.634 0.638 0.500 0.899 0.773 0.287 0.036 0.658 0.469 0.819 0.846 0.654 0.278 0.621 0.434 0.195 0.817 0.126 0.733 0.219 0.071 0.086 0.771 0.306 0.547 0.287 0.605 0.103 0.682 0.179 0.039 0.495 0.617 0.744 0.906 0.708 0.600 0.450 0.862 0.984 0.921 0.966 0.629 0.179 0.890 0.875 0.416 0.511 0.416 0.398 0.464 0.331 0.174
0.093 0.045 0.160 0.351 0.209 0.735 0.107 0.757 0.843 0.069 0.029 0.373 0.562 0.059 0.129 0.802 0.015 0.801 0.261 0.785 0.945 0.364 0.297 0.006 0.284 0.357 0.682 0.971 0.187 0.431 0.640 0.543 0.085 0.544 0.375 0.409 0.065 0.256 0.988 0.094 0.981 0.388 0.369 0.975 0.706 0.380 0.302 0.026 0.164 0.054 0.680 0.081 0.627 0.326 0.161 0.833 0.388 0.147 0.574 0.294 0.222 0.273 0.288 0.563 0.538 0.328 0.692 0.710 0.713 0.441 0.965 0.116 0.435 0.282 0.258 0.201 0.435 0.800 0.808 0.757 0.093 0.386 0.050 0.347 0.671 0.531 0.364 0.108 0.278 0.375 0.546 0.770 0.635 0.493 0.289 0.915 0.932 0.839 0.705 0.185
0.369 0.085 0.903 0.273 0.481 0.843 0.380 0.652 0.127 0.397 0.738 0.840 0.111 0.044 0.889 0.014 0.617 0.558 0.389 0.811 0.835 0.976 0.916 0.100 0.596 0.602 0.153 0.021 0.687 0.601 0.375 0.459 0.571 0.215 0.872 0.039 0.313 0.868 0.393 0.612 0.044 0.726 0.563 0.688 0.093 0.860 0.889 0.258 0.233 0.368 0.622 0.084 0.651 0.560 0.448 0.122 0.596 0.418 0.253 0.103 0.044 0.165 0.180 0.027 0.466 0.524 0.106 0.062 0.824 0.775 0.795 0.358 0.234 0.205 0.841 0.102 0.542 0.887 0.934 0.544 0.289 0.176 0.680 0.370 0.993 0.505 0.406 0.375 0.832 0.041 0.936 0.144 0.596 0.579 0.922 0.286 0.454 0.585 0.225 0.631
0.708 0.774 0.533 0.088 0.158 0.957 0.073 0.297 0.306 0.186 0.661 0.459 0.328 0.042 0.137 0.593 0.143 0.007 0.952 0.025 0.812 0.212 0.870 0.743 0.724 0.649 0.200 0.127 0.736 0.460 0.196 0.312 0.998 0.001 0.001 0.894 0.859 0.440 0.976 0.763 0.515 0.723 0.465 0.437 0.289 0.537 0.479 0.876 0.573 0.104 0.768 0.970 0.651 0.147 0.845 0.402 0.224 0.171 0.503 0.743 0.117 0.175 0.454 0.748 0.527 0.262 0.934 0.476 0.625 0.127 0.383 0.458 0.232 0.096 0.022 0.097 0.114 0.899 0.684 0.794 0.270 0.788 0.540 0.717 0.282 0.242 0.421 0.915 0.288 0.315 0.530 0.309 0.659 0.459 0.250 0.596 0.363 0.345 0.450 0.739
0.280 0.693 0.154 0.620 0.775 0.776 0.919 0.012 0.708 0.592 0.953 0.129 0.700 0.875 0.243 0.674 0.906 0.705 0.349 0.193 0.274 0.910 0.031 0.018 0.992 0.937 0.549 0.160 0.637 0.449 0.290 0.417 0.192 0.413 0.690 0.201 0.534 0.459 0.882 0.194 0.740 0.126 0.559 0.264 0.424 0.797 0.855 0.852 0.075 0.962 0.962 0.772 0.551 0.838 0.935 0.783 0.782 0.787 0.507 0.961 0.176 0.024 0.805 0.164 0.297 0.186 0.442 0.591 0.641 0.413 0.778 0.217 0.796 0.240 0.191 0.617 0.345 0.008 0.116 0.177 0.025 0.523 0.283 0.639 0.250 0.359 0.245 0.073 0.854 0.560 0.632 0.010 0.728 0.139 0.889 0.497 0.550 0.898 0.691 0.456
0.556 0.080 0.276 0.794 0.665 0.204 0.369 0.276 0.776 0.698 0.182 0.534 0.818 0.944 0.707 0.254 0.467 0.857 0.016 0.854 0.894 0.092 0.777 0.359 0.480 0.202 0.419 0.238 0.671 0.736 0.364 0.695 0.624 0.525 0.380 0.103 0.014 0.897 0.755 0.819 0.235 0.147 0.956 0.305 0.132 0.970 0.468 0.704 0.598 0.286 0.395 0.583 0.118 0.886 0.525 0.568 0.486 0.181 0.306 0.211 0.883 0.800 0.195 0.663 0.052 0.524 0.088 0.932 0.524 0.408 0.459 0.850 0.270 0.917 0.853 0.715 0.444 0.886 0.840 0.038 0.249 0.320 0.723 0.816 0.345 0.882 0.753 0.463 0.140 0.080 0.131 0.181 0.992 0.830 0.150 0.945 0.595 0.280 0.484 0.789
0.424 0.468 0.645 0.282 0.004 0.840 0.120 0.893 0.902 0.908 0.751 0.600 0.041 0.292 0.314 0.866 0.264 0.488 0.313 0.682 0.892 0.291 0.800 0.834 0.921 0.009 0.599 0.660 0.715 0.780 0.388 0.069 0.971 0.056 0.877 0.011 0.722 0.023 0.605 0.436 0.026 0.025 0.688 0.927 0.433 0.313 0.370 0.898 0.251 0.226 0.235 0.578 0.393 0.796 0.889 0.984 0.606 0.326 0.791 0.380 0.924 0.556 0.241 0.273 0.201 0.315 0.200 0.375 0.215 0.724 0.334 0.037 0.158 0.064 0.416 0.877 0.856 0.516 0.228 0.437 0.734 0.696 0.430 0.017 0.867 0.152 0.693 0.132 0.401 0.427 0.598 0.972 0.613 0.661 0.221 0.467 0.998 0.056 0.064 0.311
0.789 0.065 0.774 0.612 0.811 0.409 0.045 0.735 0.728 0.704 0.208 0.645 0.213 0.691 0.294 0.798 0.817 0.093 0.629 0.249 0.459 0.255 0.547 0.925 0.391 0.986 0.491 0.378 0.695 0.744 0.713 0.796 0.925 0.387 0.991 0.897 0.580 0.799 0.271 0.568 0.441 0.301 0.885 0.057 0.703 0.627 0.539 0.341 0.058 0.574 0.653 0.010 0.136 0.877 0.108 0.736 0.368 0.577 0.906 0.070 0.619 0.434 0.498 0.703 0.569 0.335 0.715 0.046 0.093 0.391 0.682 0.002 0.392 0.395 0.517 0.254 0.200 0.604 0.165 0.294 0.314 0.962 0.250 0.819 0.229 0.638 0.627 0.169 0.770 0.326 0.163 0.845 0.718 0.614 0.556 0.681 0.089 0.396 0.632 0.799
0.145 0.678 0.716 0.481 0.753 0.096 0.324 0.854 0.083 0.926 0.804 0.301 0.719 0.915 0.368 0.937 0.120 0.840 0.790 0.531 0.996 0.565 0.297 0.389 0.042 0.440 0.774 0.892 0.238 0.013 0.785 0.147 0.797 0.756 0.813 0.833 0.804 0.123 0.435 0.481 0.126 0.495 0.128 0.682 0.665 0.871 0.747 0.384 0.385 0.399 0.678 0.442 0.638 0.198 0.266 0.767 0.691 0.128 0.462 0.772 0.817 0.932 0.654 0.087 0.798 0.912 0.802 0.544 0.684 0.722 0.652 0.274 0.999 0.220 0.539 0.359 0.576 0.183 0.714 0.525 0.553 0.429 0.257 0.675 0.118 0.231 0.730 0.831 0.154 0.081 0.637 0.730 0.453 0.836 0.878 0.953 0.282 0.044 0.937 0.525
0.206 0.435 0.866 0.052 0.750 0.049 0.430 0.326 0.205 0.128 0.162 0.838 0.683 0.736 0.401 0.970 0.514 0.638 0.976 0.668 0.859 0.339 0.913 0.793 0.227 0.479 0.147 0.431 0.198 0.763 0.289 0.942 0.059 0.712 0.871 0.260 0.555 0.212 0.707 0.660 0.435 0.718 0.741 0.655 0.892 0.806 0.365 0.264 0.934 0.915 0.250 0.153 0.418 0.493 0.232 0.035 0.738 0.983 0.707 0.316 0.215 0.150 0.111 0.257 0.876 0.565 0.872 0.071 0.897 0.518 0.603 0.355 0.622 0.585 0.355 0.543 0.641 0.178 0.504 0.148 0.082 0.227 0.706 0.666 0.277 0.437 0.515 0.289 0.888 0.502 0.938 0.408 0.618 0.414 0.947 0.681 0.406 0.482 0.138 0.139
0.446 0.553 0.919 0.283 0.694 0.565 0.915 0.512 0.608 0.470 0.697 0.176 0.820 0.549 0.987 0.821 0.838 0.136 0.187 0.400 0.905 0.986 0.773 0.944 0.955 0.277 0.212 0.902 0.546 0.699 0.225 0.579 0.347 0.785 0.672 0.723 0.482 0.526 0.679 0.191 0.563 0.090 0.304 0.083 0.250 0.325 0.856 0.109 0.329 0.277 0.570 0.152 0.843 0.724 0.740 0.535 0.816 0.897 0.587 0.261 0.863 0.516 0.207 0.878 0.292 0.293 0.856 0.514 0.197 0.724 0.190 0.225 0.030 0.520 0.451 0.329 0.595 0.891 0.505 0.391 0.482 0.352 0.027 0.865 0.165 0.845 0.257 0.703 0.339 0.344 0.227 0.541 0.021 0.067 0.961 0.927 0.010 0.894 0.911 0.701
0.046 0.351 0.890 0.016 0.232 0.134 0.861 0.267 0.846 0.743 0.789 0.786 0.347 0.310 0.651 0.949 0.741 0.513 0.014 0.425 0.784 0.507 0.189 0.560 0.027 0.236 0.180 0.876 0.125 0.232 0.603 0.220 0.376 0.004 0.500 0.568 0.682 0.190 0.612 0.244 0.883 0.104 0.191 0.682 0.872 0.341 0.557 0.873 0.042 0.846 0.532 0.130 0.805 0.505 0.548 0.100 0.452 0.376 0.529 0.451 0.558 0.121 0.192 0.968 0.792 0.232 0.517 0.343 0.514 0.023 0.559 0.051 0.508 0.186 0.035 0.737 0.458 0.032 0.942 0.375 0.276 0.587 0.068 0.711 0.402 0.713 0.205 0.770 0.978 0.619 0.778 0.892 0.346 0.932 0.707 0.470 0.123 0.995 0.973 0.409
0.249 0.044 0.063 0.672 0.126 0.193 0.817 0.229 0.166 0.019 0.751 0.640 0.333 0.116 0.311 0.834 0.696 0.700 0.379 0.276 0.240 0.315 0.468 0.399 0.199 0.443 0.295 0.408 0.522 0.322 0.535 0.960 0.885 0.606 0.336 0.477 0.476 0.072 0.447 0.612 0.357 0.198 0.438 0.366 0.954 0.764 0.577 0.703 0.711 0.883 0.949 0.631 0.390 0.339 0.573 0.762 0.192 0.647 0.873 0.056 0.317 0.161 0.946 0.031 0.278 0.453 0.103 0.195 0.821 0.054 0.870 0.697 0.720 0.622 0.960 0.373 0.322 0.029 0.612 0.203 0.972 0.273 0.234 0.864 0.284 0.960 0.910 0.217 0.992 0.231 0.210 0.716 0.745 0.244 0.473 0.910 0.370 0.131 0.964 0.496
0.850 0.222 0.220 0.431 0.635 0.748 0.755 0.305 0.299 0.730 0.708 0.630 0.814 0.925 0.303 0.318 0.068 0.370 0.166 0.571 0.833 0.790 0.630 0.494 0.359 0.943 0.658 0.938 0.044 0.183 0.055 0.333 0.192 0.639 0.709 0.877 0.489 0.542 0.637 0.850 0.438 0.118 0.666 0.680 0.568 0.544 0.688 0.630 0.534 0.710 0.148 0.361 0.983 0.890 0.221 0.275 0.512 0.691 0.114 0.517 0.492 0.134 0.929 0.940 0.278 0.448 0.392 0.451 0.880 0.550 0.947 0.278 0.946 0.967 0.163 0.432 0.464 0.808 0.526 0.791 0.646 0.174 0.523 0.203 0.580 0.757 0.234 0.980 0.950 0.917 0.369 0.579 0.350 0.238 0.736 0.114 0.846 0.026 0.658 0.581
0.981 0.932 0.914 0.489 0.413 0.051 0.306 0.810 0.106 0.914 0.291 0.493 0.787 0.693 0.637 0.793 0.025 0.854 0.586 0.209 0.784 0.812 0.689 0.232 0.126 0.571 0.030 0.545 0.337 0.427 0.677 0.489 0.257 0.224 0.474 0.945 0.254 0.959 0.882 0.432 0.242 0.178 0.684 0.520 0.456 0.001 0.195 0.389 0.701 0.355 0.076 0.988 0.907 0.027 0.258 0.765 0.790 0.218 0.722 0.785 0.272 0.208 0.265 0.829 0.757 0.546 0.644 0.226 0.735 0.167 0.672 0.824 0.627 0.768 0.088 0.630 0.270 0.686 0.230 0.782 0.301 0.007 0.614 0.465 0.418 0.604 0.496 0.861 0.974 0.031 0.583 0.677 0.729 0.999 0.191 0.836 0.766 0.536 0.408 0.687
0.563 0.126 0.238 0.198 0.218 0.356 0.055 0.264 0.521 0.778 0.886 0.461 0.172 0.377 0.198 0.408 0.290 0.479 0.518 0.598 0.616 0.053 0.946 0.535 0.322 0.402 0.656 0.503 0.155 0.331 0.134 0.950 0.789 0.791 0.510 0.296 0.528 0.646 0.416 0.798 0.755 0.560 0.314 0.492 0.976 0.116 0.061 0.050 0.016 0.130 0.141 0.106 0.385 0.975 0.798 0.301 0.841 0.115 0.196 0.635 0.149 0.450 0.233 0.313 0.414 0.196 0.912 0.034 0.845 0.315 0.588 0.531 0.893 0.777 0.015 0.734 0.734 0.035 0.883 0.273 0.853 0.670 0.098 0.774 0.398 0.369 0.061 0.761 0.092 0.688 0.205 0.855 0.143 0.159 0.908 0.684 0.351 0.524 0.716 0.909
0.610 0.972 0.534 0.523 0.716 0.022 0.061 0.233 0.461 0.106 0.047 0.606 0.791 0.587 0.627 0.121 0.345 0.940 0.035 0.106 0.277 0.592 0.543 0.276 0.358 0.376 0.673 0.123 0.424 0.520 0.101 0.884 0.233 0.948 0.547 0.279 0.363 0.864 0.744 0.445 0.283 0.981 0.903 0.365 0.151 0.405 0.224 0.220 0.723 0.953 0.693 0.472 0.829 0.283 0.591 0.380 0.119 0.355 0.261 0.967 0.480 0.654 0.975 0.978 0.268 0.927 0.690 0.892 0.236 0.747 0.916 0.907 0.167 0.416 0.475 0.075 0.758 0.832 0.115 0.501 0.033 0.438 0.379 0.183 0.609 0.914 0.101 0.545 0.188 0.956 0.276 0.393 0.333 0.819 0.349 0.267 0.764 0.919 0.770 0.140
0.394 0.664 0.859 0.828 0.223 0.797 0.358 0.548 0.680 0.030 0.431 0.202 0.525 0.026 0.526 0.158 0.467 0.788 0.244 0.941 0.097 0.279 0.247 0.043 0.299 0.346 0.840 0.708 0.117 0.333 0.328 0.169 0.712 0.170 0.916 0.385 0.874 0.914 0.346 0.261 0.419 0.327 0.616 0.313 0.070 0.794 0.482 0.090 0.064 0.420 0.750 0.198 0.312 0.707 0.016 0.647 0.857 0.035 0.582 0.874 0.039 0.902 0.560 0.788 0.037 0.789 0.659 0.192 0.768 0.849 0.283 0.204 0.083 0.164 0.899 0.201 0.596 0.735 0.296 0.145 0.329 0.629 0.043 0.084 0.090 0.438 0.378 0.708 0.679 0.661 0.491 0.687 0.333 0.212 0.573 0.170 0.066 0.932 0.841 0.619
0.858 0.052 0.828 0.900 0.859 0.934 0.487 0.435 0.886 0.955 0.199 0.559 0.727 0.284 0.495 0.604 0.156 0.968 0.864 0.134 0.793 0.185 0.661 0.486 0.327 0.281 0.043 0.507 0.703 0.426 0.253 0.927 0.653 0.468 0.366 0.095 0.482 0.807 0.755 0.577 0.438 0.265 0.965 0.590 0.520 0.120 0.395 0.438 0.385 0.622 0.546 0.113 0.565 0.779 0.458 0.138 0.528 0.933 0.175 0.546 0.317 0.678 0.700 0.618 0.793 0.657 0.764 0.107 0.948 0.388 0.065 0.336 0.255 0.354 0.237 0.257 0.536 0.152 0.495 0.149 0.062 0.592 0.299 0.214 0.470 0.155 0.481 0.087 0.217 0.321 0.206 0.520 0.533 0.024 0.036 0.402 0.382 0.334 0.209 0.803
0.320 0.999 0.601 0.201 0.554 0.126 0.977 0.382 0.747 0.720 0.726 0.379 0.889 0.660 0.210 0.888 0.333 0.632 0.604 0.605 0.776 0.531 0.066 0.928 0.947 0.291 0.881 0.283 0.766 0.583 0.273 0.888 0.126 0.827 0.039 0.230 0.024 0.102 0.012 0.358 0.587 0.541 0.348 0.258 0.826 0.887 0.320 0.004 0.619 0.068 0.024 0.725 0.669 0.426 0.161 0.783 0.247 0.875 0.370 0.747 0.571 0.229 0.732 0.708 0.055 0.714 0.849 0.684 0.430 0.280 0.150 0.704 0.427 0.774 0.584 0.100 0.606 0.398 0.248 0.199 0.390 0.695 0.649 0.811 0.785 0.022 0.754 0.632 0.525 0.943 0.675 0.901 0.801 0.945 0.688 0.881 0.733 0.666 0.717 0.861
0.061 0.541 0.198 0.157 0.832 0.143 0.412 0.263 0.882 0.550 0.499 0.951 0.464 0.853 0.859 0.220 0.331 0.870 0.958 0.653 0.049 0.389 0.001 0.571 0.040 0.531 0.015 0.950 0.560 0.272 0.506 0.296 0.689 0.323 0.802 0.430 0.172 0.624 0.045 0.158 0.851 0.703 0.798 0.357 0.262 0.207 0.951 0.891 0.583 0.807 0.709 0.211 0.026 0.913 0.655 0.996 0.904 0.145 0.974 0.017 0.082 0.137 0.197 0.432 0.894 0.285 0.246 0.957 0.548 0.906 0.141 0.593 0.399 0.064 0.557 0.706 0.313 0.308 0.684 0.580 0.230 0.077 0.044 0.251 0.507 0.002 0.564 0.062 0.646 0.857 0.821 0.956 0.155 0.085 0.446 0.546 0.457 0.032 0.332 0.192
0.783 0.281 0.417 0.302 0.181 0.030 0.907 0.221 0.450 0.629 0.321 0.962 0.300 0.244 0.463 0.940 0.290 0.762 0.038 0.710 0.258 0.764 0.541 0.792 0.661 0.932 0.567 0.471 0.140 0.700 0.072 0.405 0.262 0.810 0.650 0.507 0.044 0.753 0.492 0.520 0.573 0.040 0.225 0.686 0.968 0.468 0.644 0.779 0.925 0.299 0.169 0.068 0.741 0.011 0.932 0.767 0.646 0.137 0.094 0.321 0.429 0.851 0.318 0.199 0.994 0.318 0.570 0.983 0.979 0.008 0.911 0.705 0.541 0.022 0.739 0.122 0.563 0.986 0.296 0.319 0.479 0.502 0.287 0.842 0.246 0.562 0.208 0.321 0.099 0.485 0.454 0.234 0.398 0.949 0.193 0.345 0.745 0.363 0.075 0.679
0.618 0.846 0.734 0.230 0.441 0.039 0.076 0.482 0.576 0.235 0.502 0.688 0.468 0.647 0.544 0.586 0.905 0.138 0.726 0.778 0.577 0.466 0.474 0.703 0.604 0.941 0.182 0.047 0.457 0.652 0.413 0.041 0.113 0.286 0.084 0.795 0.767 0.379 0.963 0.597 0.001 0.565 0.092 0.626 0.189 0.392 0.438 0.098 0.973 0.949 0.067 0.751 0.106 0.497 0.650 0.704 0.088 0.976 0.162 0.127 0.061 0.727 0.209 0.082 0.729 0.186 0.437 0.710 0.906 0.471 0.965 0.543 0.602 0.009 0.873 0.862 0.341 0.651 0.220 0.100 0.160 0.681 0.850 0.444 0.826 0.917 0.587 0.001 0.304 0.732 0.262 0.084 0.897 0.472 0.559 0.328 0.544 0.605 0.339 0.625
0.750 0.327 0.392 0.952 0.635 0.382 0.129 0.636 0.831 0.137 0.264 0.904 0.534 0.737 0.615 0.143 0.710 0.256 0.626 0.061 0.421 0.922 0.592 0.951 0.079 0.938 0.648 0.036 0.668 0.409 0.324 0.303 0.890 0.200 0.891 0.063 0.682 0.334 0.591 0.103 0.471 0.049 0.041 0.428 0.705 0.023 0.391 0.035 0.901 0.417 0.652 0.112 0.867 0.927 0.133 0.004 0.187 0.990 0.183 0.796 0.970 0.799 0.311 0.644 0.529 0.567 0.919 0.369 0.212 0.398 0.181 0.955 0.669 0.818 0.477 0.962 0.118 0.521 0.808 0.423 0.794 0.101 0.698 0.432 0.702 0.661 0.079 0.996 0.566 0.503 0.267 0.244 0.544 0.068 0.465 0.328 0.840 0.066 0.499 0.832
0.774 0.136 0.715 0.852 0.230 0.773 0.160 0.123 0.536 0.194 0.928 0.220 0.527 0.993 0.616 0.311 0.706 0.469 0.606 0.409 0.549 0.439 0.007 0.843 0.633 0.607 0.837 0.241 0.841 0.354 0.501 0.321 0.642 0.374 0.413 0.149 0.583 0.028 0.153 0.887 0.868 0.308 0.046 0.122 0.349 0.912 0.391 0.204 0.223 0.338 0.439 0.912 0.978 0.277 0.731 0.280 0.671 0.891 0.584 0.671 0.679 0.087 0.682 0.031 0.436 0.562 0.485 0.352 0.098 0.287 0.215 0.466 0.448 0.365 0.249 0.639 0.215 0.621 0.499 0.700 0.269 0.488 0.198 0.723 0.885 0.295 0.912 0.472 0.094 0.104 0.855 0.865 0.500 0.459 0.168 0.012 0.292 0.266 0.696 0.841
0.174 0.161 0.201 0.596 0.941 0.621 0.730 0.024 0.096 0.346 0.494 0.022 0.579 0.352 0.205 0.536 0.341 0.040 0.429 0.029 0.132 0.395 0.104 0.155 0.769 0.515 0.719 0.231 0.035 0.230 0.160 0.308 0.997 0.085 0.926 0.334 0.548 0.810 0.062 0.947 0.595 0.626 0.999 0.924 0.664 0.242 0.467 0.193 0.713 0.308 0.224 0.123 0.252 0.859 0.786 0.816 0.908 0.657 0.281 0.381 0.567 0.889 0.854 0.432 0.456 0.700 0.612 0.351 0.080 0.994 0.159 0.510 0.225 0.160 0.758 0.708 0.193 0.825 0.660 0.037 0.476 0.523 0.515 0.515 0.991 0.689 0.415 0.825 0.447 0.112 0.308 0.266 0.434 0.027 0.283 0.939 0.466 0.174 0.286 0.760
0.995 0.543 0.605 0.061 0.137 0.308 0.096 0.465 0.791 0.907 0.781 0.202 0.925 0.128 0.590 0.851 0.073 0.917 0.674 0.107 0.019 0.700 0.383 0.635 0.852 0.294 0.930 0.244 0.100 0.473 0.896 0.232 0.740 0.311 0.949 0.125 0.746 0.159 0.060 0.056 0.906 0.465 0.560 0.201 0.011 0.264 0.237 0.707 0.368 0.958 0.732 0.292 0.950 0.725 0.424 0.855 0.366 0.871 0.342 0.996 0.791 0.468 0.160 0.399 0.218 0.697 0.062 0.369 0.542 0.115 0.360 0.720 0.251 0.267 0.314 0.144 0.912 0.296 0.064 0.481 0.656 0.125 0.923 0.227 0.063 0.766 0.023 0.350 0.452 0.457 0.998 0.516 0.227 0.246 0.736 0.814 0.907 0.872 0.207 0.574
0.787 0.105 0.909 0.475 0.276 0.171 0.723 0.840 0.368 0.315 0.686 0.812 0.240 0.920 0.708 0.814 0.474 0.986 0.822 0.540 0.950 0.220 0.807 0.296 0.894 0.157 0.352 0.866 0.831 0.581 0.523 0.202 0.840 0.263 0.678 0.076 0.005 0.080 0.727 0.458 0.862 0.539 0.159 0.550 0.530 0.305 0.816 0.060 0.428 0.511 0.036 0.624 0.275 0.775 0.189 0.920 0.314 0.406 0.967 0.580 0.051 0.147 0.245 0.259 0.090 0.124 0.202 0.943 0.819 0.328 0.272 0.803 0.634 0.287 0.264 0.493 0.937 0.603 0.454 0.437 0.862 0.381 0.279 0.657 0.632 0.842 0.427 0.145 0.705 0.243 0.899 0.898 0.611 0.944 0.332 0.228 0.160 0.308 0.035 0.988
0.313 0.595 0.625 0.600 0.198 0.671 0.818 0.568 0.263 0.162 0.160 0.993 0.120 0.754 0.173 0.001 0.063 0.179 0.831 0.773 0.326 0.895 0.025 0.958 0.125 0.909 0.605 0.113 0.515 0.426 0.517 0.661 0.792 0.917 0.944 0.581 0.834 0.113 0.795 0.830 0.362 0.600 0.307 0.117 0.599 0.100 0.640 0.611 0.193 0.287 0.755 0.639 0.601 0.744 0.234 0.811 0.095 0.156 0.445 0.771 0.268 0.971 0.152 0.070 0.031 0.732 0.141 0.383 0.055 0.846 0.604 0.205 0.313 0.273 0.824 0.936 0.993 0.843 0.840 0.820 0.386 0.754 0.322 0.537 0.798 0.060 0.275 0.657 0.592 0.267 0.573 0.824 0.729 0.904 0.098 0.262 0.812 0.362 0.100 0.289
0.476 0.331 0.346 0.343 0.846 0.941 0.149 0.051 0.769 0.449 0.154 0.166 0.425 0.857 0.344 0.137 0.002 0.240 0.709 0.985 0.789 0.238 0.831 0.424 0.023 0.365 0.868 0.081 0.727 0.347 0.683 0.162 0.153 0.558 0.441 0.262 0.999 0.527 0.559 0.307 0.474 0.604 0.913 0.019 0.044 0.274 0.037 0.445 0.167 0.805 0.267 0.497 0.211 0.241 0.215 0.462 0.374 0.646 0.781 0.086 0.866 0.868 0.377 0.652 0.929 0.605 0.106 0.959 0.269 0.590 0.613 0.418 0.022 0.695 0.331 0.970 0.927 0.258 0.214 0.559 0.222 0.848 0.850 0.742 0.022 0.508 0.594 0.222 0.735 0.269 0.333 0.273 0.648 0.025 0.068 0.265 0.383 0.712 0.559 0.894
0.231 0.050 0.780 0.547 0.339 0.002 0.684 0.309 0.315 0.101 0.504 0.158 0.834 0.680 0.150 0.962 0.975 0.900 0.403 0.861 0.219 0.307 0.684 0.188 0.806 0.770 0.629 0.243 0.502 0.866 0.329 0.690 0.015 0.847 0.792 0.771 0.831 0.656 0.179 0.089 0.474 0.059 0.399 0.837 0.973 0.346 0.540 0.742 0.240 0.363 0.217 0.193 0.021 0.612 0.756 0.559 0.711 0.183 0.331 0.779 0.908 0.852 0.362 0.733 0.341 0.349 0.547 0.160 0.740 0.971 0.324 0.702 0.281 0.578 0.088 0.038 0.374 0.164 0.390 0.008 0.043 0.651 0.843 0.050 0.358 0.121 0.131 0.915 0.764 0.432 0.156 0.320 0.009 0.124 0.749 0.728 0.865 0.579 0.288 0.611
0.864 0.008 0.828 0.089 0.247 0.191 0.817 0.247 0.693 0.215 0.025 0.836 0.925 0.133 0.772 0.278 0.186 0.211 0.215 0.435 0.048 0.735 0.787 0.404 0.482 0.732 0.288 0.191 0.809 0.871 0.675 0.619 0.656 0.502 0.261 0.554 0.995 0.538 0.301 0.696 0.779 0.019 0.432 0.995 0.428 0.950 0.957 0.264 0.104 0.964 0.587 0.722 0.949 0.005 0.600 0.988 0.773 0.971 0.047 0.952 0.833 0.740 0.568 0.930 0.388 0.860 0.454 0.680 0.139 0.056 0.418 0.036 0.568 0.015 0.660 0.575 0.800 0.514 0.715 0.098 0.652 0.502 0.049 0.809 0.570 0.052 0.095 0.556 0.837 0.225 0.695 0.842 0.857 0.379 0.763 0.484 0.425 0.132 0.741 0.279
0.104 0.056 0.250 0.773 0.371 0.054 0.843 0.827 0.460 0.247 0.752 0.921 0.567 0.039 0.000 0.578 0.376 0.853 0.864 0.329 0.880 0.416 0.206 0.491 0.034 0.317 0.028 0.860 0.951 0.095 0.569 0.404 0.030 0.277 0.077 0.521 0.060 0.110 0.317 0.536 0.696 0.008 0.879 0.983 0.942 0.443 0.496 0.844 0.482 0.381 0.230 0.015 0.632 0.030 0.554 0.635 0.456 0.581 0.940 0.593 0.171 0.653 0.994 0.092 0.891 0.472 0.708 0.209 0.594 0.599 0.832 0.173 0.741 0.726 0.769 0.174 0.688 0.198 0.811 0.663 0.961 0.874 0.299 0.103 0.646 0.363 0.810 0.655 0.445 0.612 0.123 0.930 0.258 0.709 0.471 0.175 0.490 0.563 0.875 0.130
0.819 0.299 0.003 0.012 0.356 0.391 0.618 0.795 0.324 0.323 0.462 0.843 0.924 0.724 0.933 0.895 0.128 0.404 0.307 0.924 0.239 0.475 0.191 0.929 0.114 0.920 0.477 0.773 0.064 0.211 0.630 0.070 0.617 0.713 0.074 0.437 0.376 0.642 0.043 0.413 0.881 0.943 0.900 0.904 0.433 0.293 0.715 0.298 0.650 0.707 0.637 0.671 0.997 0.939 0.461 0.595 0.703 0.646 0.362 0.638 0.327 0.740 0.003 0.213 0.921 0.222 0.706 0.433 0.018 0.010 0.869 0.407 0.029 0.148 0.751 0.808 0.130 0.725 0.681 0.088 0.846 0.815 0.515 0.794 0.560 0.951 0.309 0.367 0.645 0.997 0.950 0.459 0.670 0.306 0.800 0.376 0.361 0.665 0.954 0.985
0.117 0.890 0.593 0.005 0.312 0.788 0.019 0.083 0.475 0.648 0.310 0.553 0.102 0.119 0.939 0.657 0.264 0.229 0.782 0.199 0.474 0.915 0.423 0.373 0.805 0.462 0.277 0.477 0.985 0.511 0.344 0.577 0.534 0.704 0.305 0.359 0.824 0.156 0.957 0.331 0.589 0.625 0.572 0.392 0.237 0.118 0.523 0.149 0.189 0.362 0.180 0.782 0.042 0.760 0.610 0.835 0.952 0.846 0.528 0.078 0.037 0.229 0.655 0.149 0.808 0.898 0.886 0.541 0.284 0.078 0.322 0.510 0.687 0.782 0.806 0.342 0.508 0.827 0.554 0.058 0.925 0.477 0.193 0.161 0.678 0.802 0.144 0.547 0.630 0.569 0.165 0.424 0.841 0.766 0.790 0.250 0.655 0.857 0.290 0.665
0.709 0.993 0.237 0.103 0.653 0.929 0.730 0.450 0.824 0.414 0.959 0.139 0.461 0.378 0.942 0.472 0.296 0.557 0.063 0.745 0.239 0.299 0.387 0.066 0.529 0.559 0.424 0.272 0.512 0.001 0.243 0.459 0.574 0.377 0.265 0.766 0.796 0.193 0.312 0.342 0.444 0.194 0.050 0.158 0.104 0.738 0.561 0.670 0.604 0.259 0.786 0.763 0.450 0.381 0.100 0.919 0.672 0.903 0.181 0.399 0.842 0.787 0.847 0.649 0.798 0.103 0.047 0.810 0.661 0.782 0.108 0.471 0.281 0.473 0.793 0.764 0.378 0.570 0.699 0.249 0.548 0.420 0.519 0.946 0.653 0.668 0.554 0.066 0.632 0.780 0.449 0.670 0.419 0.586 0.440 0.522 0.948 0.796 0.244 0.306
0.138 0.960 0.795 0.210 0.031 0.345 0.177 0.598 0.019 0.212 0.824 0.862 0.770 0.826 0.040 0.417 0.612 0.846 0.532 0.429 0.998 0.708 0.287 0.517 0.616 0.413 0.205 0.808 0.323 0.454 0.535 0.474 0.118 0.866 0.400 0.745 0.065 0.042 0.609 0.366 0.791 0.399 0.773 0.270 0.733 0.573 0.493 0.672 0.786 0.451 0.158 0.078 0.284 0.069 0.475 0.641 0.822 0.033 0.609 0.271 0.416 0.628 0.392 0.890 0.597 0.483 0.520 0.427 0.224 0.206 0.380 0.429 0.935 0.536 0.482 0.458 0.358 0.514 0.192 0.409 0.268 0.178 0.824 0.173 0.977 0.545 0.763 0.434 0.099 0.934 0.047 0.638 0.321 0.795 0.809 0.205 0.079 0.744 0.065 0.115
0.715 0.019 0.689 0.254 0.217 0.910 0.370 0.761 0.653 0.626 0.624 0.572 0.006 0.177 0.159 0.088 0.906 0.107 0.146 0.182 0.311 0.074 0.184 0.283 0.067 0.069 0.839 0.928 0.599 0.794 0.737 0.378 0.720 0.541 0.869 0.213 0.291 0.071 0.379 0.239 0.670 0.917 0.044 0.298 0.917 0.516 0.769 0.595 0.267 0.797 0.588 0.361 0.166 0.146 0.812 0.463 0.372 0.916 0.750 0.334 0.556 0.644 0.321 0.305 0.760 0.109 0.084 0.575 0.366 0.860 0.079 0.646 0.750 0.536 0.086 0.638 0.726 0.252 0.889 0.073 0.398 0.508 0.796 0.557 0.550 0.559 0.136 0.867 0.365 0.561 0.646 0.208 0.568 0.696 0.263 0.855 0.465 0.250 0.956 0.428
0.727 0.880 0.785 0.382 0.310 0.277 0.720 0.359 0.033 0.514 0.927 0.731 0.953 0.121 0.283 0.305 0.287 0.745 0.040 0.504 0.093 0.577 0.100 0.992 0.184 0.760 0.249 0.288 0.332 0.649 0.817 0.916 0.572 0.580 0.297 0.350 0.733 0.526 0.789 0.657 0.931 0.131 0.273 0.730 0.078 0.999 0.432 0.863 0.047 0.155 0.611 0.677 0.186 0.763 0.866 0.499 0.786 0.800 0.343 0.910 0.926 0.547 0.523 0.110 0.498 0.250 0.897 0.893 0.371 0.873 0.001 0.388 0.315 0.582 0.762 0.837 0.963 0.023 0.343 0.666 0.143 0.187 0.607 0.711 0.565 0.597 0.711 0.847 0.045 0.843 0.408 0.447 0.438 0.171 0.104 0.925 0.384 0.979 0.304 0.816
0.127 0.003 0.163 0.007 0.939 0.348 0.665 0.102 0.353 0.129 0.244 0.394 0.296 0.336 0.543 0.593 0.775 0.031 0.297 0.315 0.892 0.828 0.916 0.795 0.963 0.712 0.582 0.133 0.600 0.607 0.972 0.570 0.213 0.912 0.928 0.524 0.300 0.565 0.497 0.531 0.796 0.362 0.943 0.922 0.724 0.895 0.522 0.738 0.444 0.128 0.378 0.931 0.026 0.572 0.551 0.199 0.436 0.267 0.134 0.064 0.942 0.821 0.012 0.480 0.358 0.418 0.700 0.142 0.383 0.458 0.426 0.617 0.938 0.584 0.247 0.495 0.783 0.378 0.396 0.608 0.053 0.113 0.934 0.445 0.467 0.422 0.488 0.427 0.353 0.204 0.398 0.297 0.593 0.002 0.471 0.089 0.960 0.443 0.927 0.651
0.228 0.148 0.967 0.950 0.695 0.340 0.858 0.434 0.991 0.189 0.468 0.961 0.522 0.737 0.033 0.651 0.666 0.225 0.868 0.698 0.415 0.484 0.494 0.292 0.818 0.916 0.758 0.431 0.613 0.521 0.498 0.070 0.394 0.688 0.554 0.277 0.033 0.744 0.573 0.245 0.720 0.791 0.206 0.191 0.520 0.325 0.568 0.580 0.322 0.613 0.678 0.018 0.643 0.028 0.706 0.293 0.625 0.949 0.808 0.744 0.789 0.737 0.114 0.252 0.022 0.818 0.873 0.224 0.471 0.337 0.385 0.204 0.665 0.591 0.564 0.738 0.886 0.770 0.971 0.480 0.492 0.572 0.580 0.527 0.259 0.115 0.042 0.676 0.463 0.954 0.025 0.244 0.522 0.045 0.853 0.301 0.012 0.746 0.330 0.488
0.017 0.642 0.723 0.579 0.535 0.562 0.816 0.979 0.873 0.845 0.551 0.363 0.810 0.304 0.873 0.249 0.504 0.974 0.284 0.477 0.101 0.279 0.168 0.318 0.746 0.863 0.680 0.979 0.070 0.469 0.202 0.457 0.722 0.769 0.006 0.488 0.840 0.414 0.531 0.292 0.446 0.835 0.263 0.751 0.737 0.672 0.408 0.207 0.434 0.435 0.658 0.511 0.558 0.388 0.004 0.971 0.041 0.473 0.279 0.286 0.315 0.959 0.377 0.829 0.659 0.777 0.267 0.144 0.058 0.352 0.074 0.839 0.694 0.153 0.805 0.158 0.460 0.850 0.673 0.541 0.187 0.925 0.062 0.917 0.956 0.173 0.749 0.976 0.146 0.810 0.734 0.696 0.011 0.242 0.421 0.056 0.645 0.977 0.505 0.147
0.263 0.692 0.192 0.101 0.588 0.234 0.979 0.332 0.592 0.431 0.398 0.707 0.182 0.343 0.160 0.937 0.030 0.460 0.141 0.995 0.114 0.261 0.801 0.561 0.380 0.857 0.442 0.556 0.747 0.764 0.931 0.196 0.191 0.030 0.824 0.575 0.172 0.388 0.949 0.552 0.531 0.755 0.099 0.300 0.345 0.087 0.117 0.331 0.634 0.370 0.814 0.100 0.799 0.514 0.603 0.199 0.123 0.367 0.739 0.783 0.031 0.766 0.008 0.585 0.148 0.309 0.571 0.159 0.961 0.315 0.605 0.602 0.825 0.871 0.741 0.280 0.382 0.647 0.532 0.023 0.678 0.606 0.914 0.115 0.252 0.617 0.248 0.420 0.746 0.586 0.573 0.240 0.391 0.056 0.634 0.478 0.199 0.197 0.673 0.776
0.469 0.956 0.140 0.659 0.983 0.242 0.580 0.629 0.901 0.411 0.918 0.091 0.628 0.947 0.775 0.010 0.753 0.545 0.922 0.233 0.759 0.544 0.936 0.903 0.970 0.285 0.783 0.505 0.911 0.192 0.569 0.512 0.149 0.486 0.329 0.390 0.979 0.245 0.717 0.710 0.411 0.621 0.464 0.301 0.157 0.568 0.615 0.086 0.493 0.968 0.455 0.433 0.030 0.863 0.951 0.744 0.668 0.727 0.227 0.555 0.746 0.302 0.186 0.882 0.349 0.560 0.190 0.661 0.985 0.758 0.708 0.715 0.936 0.530 0.230 0.085 0.792 0.729 0.545 0.163 0.413 0.946 0.917 0.700 0.974 0.350 0.970 0.306 0.034 0.242 0.789 0.018 0.061 0.589 0.273 0.171 0.236 0.948 0.735 0.718
0.435 0.334 0.855 0.774 0.230 0.129 0.481 0.307 0.134 0.200 0.242 0.960 0.071 0.565 0.742 0.821 0.799 0.181 0.517 0.700 0.635 0.648 0.681 0.231 0.352 0.455 0.804 0.425 0.189 0.729 0.280 0.127 0.507 0.191 0.613 0.589 0.718 0.933 0.994 0.533 0.996 0.707 0.108 0.099 0.616 0.661 0.326 0.219 0.104 0.146 0.519 0.238 0.319 0.680 0.362 0.233 0.350 0.308 0.678 0.873 0.615 0.593 0.521 0.740 0.059 0.015 0.589 0.647 0.818 0.488 0.246 0.954 0.534 0.627 0.344 0.067 0.683 0.741 0.355 0.430 0.280 0.379 0.789 0.732 0.854 0.997 0.595 0.058 0.555 0.691 0.455 0.492 0.073 0.456 0.761 0.144 0.061 0.307 0.686 0.204
0.387 0.786 0.401 0.717 0.754 0.942 0.811 0.031 0.001 0.263 0.950 0.077 0.558 0.884 0.287 0.487 0.305 0.036 0.359 0.713 0.687 0.193 0.980 0.717 0.610 0.727 0.129 0.245 0.994 0.372 0.991 0.029 0.651 0.553 0.687 0.601 0.807 0.501 0.262 0.431 0.439 0.775 0.772 0.191 0.068 0.322 0.098 0.444 0.153 0.733 0.334 0.287 0.071 0.846 0.987 0.346 0.433 0.066 0.768 0.531 0.973 0.675 0.392 0.805 0.441 0.436 0.651 0.667 0.077 0.350 0.507 0.113 0.883 0.104 0.624 0.823 0.931 0.679 0.149 0.311 0.472 0.185 0.359 0.532 0.602 0.011 0.786 0.134 0.056 0.518 0.075 0.802 0.238 0.261 0.900 0.165 0.358 0.954 0.413 0.401
0.949 0.039 0.700 0.937 0.730 0.854 0.092 0.902 0.880 0.967 0.159 0.719 0.482 0.573 0.716 0.863 0.487 0.058 0.534 0.929 0.441 0.935 0.857 0.012 0.356 0.264 0.318 0.340 0.596 0.216 0.323 0.923 0.223 0.038 0.549 0.505 0.801 0.425 0.915 0.042 0.793 0.194 0.275 0.052 0.707 0.216 0.208 0.670 0.685 0.616 0.150 0.330 0.789 0.161 0.446 0.125 0.324 0.791 0.059 0.076 0.818 0.348 0.757 0.515 0.012 0.760 0.327 0.347 0.771 0.489 0.259 0.759 0.678 0.681 0.173 0.144 0.027 0.657 0.565 0.445 0.063 0.320 0.008 0.603 0.919 0.485 0.858 0.808 0.999 0.138 0.679 0.058 0.580 0.621 0.279 0.568 0.875 0.192 0.591 0.346
0.415 0.373 0.949 0.165 0.390 0.659 0.211 0.338 0.398 0.081 0.388 0.168 0.752 0.714 0.894 0.953 0.834 0.740 0.985 0.378 0.176 0.510 0.814 0.386 0.663 0.930 0.312 0.247 0.802 0.152 0.834 0.688 0.412 0.252 0.070 0.573 0.400 0.767 0.290 0.818 0.337 0.989 0.097 0.130 0.499 0.515 0.260 0.422 0.074 0.295 0.700 0.937 0.407 0.365 0.136 0.215 0.755 0.472 0.700 0.957 0.204 0.263 0.874 0.504 0.237 0.645 0.754 0.402 0.001 0.538 0.219 0.579 0.202 0.289 0.375 0.906 0.034 0.584 0.247 0.457 0.817 0.636 0.687 0.726 0.551 0.851 0.574 0.355 0.394 0.695 0.525 0.101 0.605 0.459 0.949 0.147 0.625 0.478 0.907 0.098
0.044 0.405 0.841 0.693 0.256 0.521 0.905 0.467 0.861 0.406 0.884 0.875 0.274 0.995 0.259 0.415 0.505 0.509 0.314 0.981 0.210 0.527 0.468 0.932 0.145 0.108 0.263 0.278 0.577 0.258 0.079 0.185 0.020 0.868 0.590 0.656 0.230 0.155 0.356 0.779 0.740 0.363 0.565 0.820 0.773 0.582 0.846 0.928 0.279 0.257 0.292 0.942 0.718 0.872 0.372 0.033 0.670 0.862 0.659 0.438 0.131 0.238 0.351 0.086 0.238 0.820 0.946 0.562 0.372 0.330 0.594 0.134 0.131 0.592 0.961 0.937 0.558 0.894 0.828 0.145 0.054 0.662 0.694 0.187 0.924 0.586 0.382 0.537 0.220 0.595 0.068 0.895 0.562 0.144 0.284 0.915 0.034 0.430 0.537 0.588
0.870 0.837 0.234 0.526 0.486 0.457 0.007 0.816 0.909 0.350 0.755 0.538 0.981 0.089 0.346 0.491 0.744 0.986 0.281 0.531 0.874 0.083 0.073 0.364 0.201 0.627 0.226 0.592 0.301 0.946 0.001 0.708 0.018 0.559 0.199 0.045 0.043 0.501 0.697 0.946 0.291 0.790 0.071 0.508 0.774 0.951 0.792 0.603 0.417 0.745 0.722 0.014 0.543 0.977 0.037 0.781 0.852 0.214 0.504 0.667 0.824 0.073 0.788 0.481 0.516 0.516 0.723 0.734 0.426 0.079 0.327 0.191 0.189 0.777 0.150 0.770 0.722 0.701 0.580 0.121 0.108 0.792 0.230 0.438 0.140 0.039 0.945 0.245 0.879 0.706 0.799 0.550 0.862 0.614 0.258 0.779 0.080 0.083 0.850 0.543
0.348 0.442 0.628 0.632 0.374 0.800 0.575 0.372 0.575 0.235 0.100 0.438 0.625 0.679 0.496 0.605 0.137 0.882 0.059 0.816 0.376 0.207 0.276 0.151 0.398 0.498 0.403 0.228 0.008 0.129 0.968 0.532 0.404 0.931 0.013 0.700 0.707 0.760 0.975 0.397 0.287 0.082 0.837 0.200 0.368 0.212 0.180 0.108 0.679 0.596 0.426 0.549 0.152 0.828 0.561 0.357 0.865 0.006 0.992 0.974 0.252 0.091 0.139 0.260 0.991 0.484 0.573 0.112 0.885 0.905 0.576 0.504 0.062 0.289 0.192 0.337 0.171 0.144 0.988 0.792 0.190 0.282 0.693 0.304 0.294 0.475 0.753 0.435 0.214 0.435 0.214 0.809 0.910 0.471 0.723 0.830 0.939 0.437 0.556 0.916
0.696 0.354 0.443 0.580 0.079 0.997 0.917 0.896 0.542 0.527 0.990 0.499 0.598 0.050 0.888 0.534 0.062 0.876 0.288 0.360 0.652 0.656 0.336 0.120 0.703 0.287 0.304 0.335 0.660 0.296 0.772 0.574 0.828 0.586 0.074 0.497 0.220 0.882 0.180 0.882 0.295 0.859 0.423 0.375 0.724 0.648 0.861 0.519 0.005 0.635 0.837 0.662 0.626 0.250 0.192 0.276 0.235 0.389 0.339 0.641 0.770 0.543 0.272 0.791 0.274 0.523 0.959 0.755 0.966 0.943 0.866 0.847 0.071 0.666 0.834 0.513 0.381 0.798 0.824 0.924 0.414 0.730 0.157 0.951 0.053 0.438 0.961 0.085 0.397 0.165 0.663 0.561 0.184 0.055 0.402 0.488 0.424 0.592 0.769 0.743
0.263 0.636 0.401 0.541 0.839 0.340 0.665 0.075 0.140 0.523 0.507 0.518 0.866 0.251 0.896 0.891 0.790 0.114 0.324 0.871 0.075 0.321 0.591 0.568 0.833 0.447 0.717 0.708 0.147 0.475 0.717 0.554 0.313 0.422 0.746 0.645 0.006 0.624 0.748 0.103 0.008 0.810 0.308 0.233 0.187 0.249 0.201 0.660 0.487 0.750 0.544 0.215 0.174 0.238 0.133 0.569 0.431 0.061 0.606 0.827 0.556 0.456 0.363 0.516 0.647 0.477 0.304 0.652 0.697 0.930 0.441 0.287 0.059 0.318 0.182 0.773 0.147 0.646 0.803 0.283 0.932 0.597 0.774 0.017 0.035 0.269 0.812 0.743 0.364 0.875 0.438 0.392 0.076 0.402 0.761 0.745 0.088 0.382 0.671 0.265
0.028 0.671 0.146 0.904 0.650 0.593 0.935 0.968 0.567 0.154 0.964 0.510 0.624 0.760 0.898 0.195 0.640 0.201 0.614 0.738 0.257 0.495 0.999 0.516 0.038 0.606 0.766 0.803 0.865 0.824 0.143 0.715 0.399 0.381 0.001 0.253 0.460 0.968 0.464 0.660 0.174 0.124 0.707 0.107 0.562 0.160 0.592 0.354 0.078 0.552 0.960 0.456 0.028 0.277 0.659 0.163 0.577 0.943 0.156 0.684 0.746 0.294 0.706 0.182 0.735 0.385 0.001 0.258 0.043 0.585 0.713 0.700 0.954 0.820 0.957 0.687 0.158 0.328 0.042 0.082 0.035 0.612 0.261 0.671 0.112 0.364 0.701 0.604 0.733 0.393 0.051 0.274 0.941 0.924 0.852 0.183 0.348 0.607 0.814 0.471
0.885 0.747 0.039 0.597 0.103 0.125 0.349 0.056 0.673 0.409 0.095 0.070 0.078 0.239 0.895 0.447 0.846 0.953 0.866 0.913 0.408 0.694 0.259 0.335 0.714 0.949 0.388 0.290 0.704 0.276 0.570 0.115 0.984 0.380 0.122 0.857 0.224 0.522 0.644 0.606 0.019 0.502 0.768 0.286 0.833 0.145 0.652 0.294 0.756 0.173 0.253 0.640 0.925 0.710 0.984 0.075 0.363 0.428 0.916 0.924 0.696 0.613 0.522 0.518 0.003 0.248 0.281 0.409 0.558 0.058 0.946 0.147 0.034 0.519 0.444 0.223 0.520 0.104 0.811 0.596 0.506 0.022 0.668 0.355 0.302 0.849 0.274 0.800 0.243 0.069 0.370 0.023 0.395 0.263 0.541 0.770 0.260 0.290 0.573 0.169
0.095 0.970 0.255 0.492 0.894 0.287 0.748 0.327 0.794 0.486 0.274 0.227 0.535 0.869 0.611 0.151 0.808 0.620 0.260 0.886 0.891 0.596 0.453 0.891 0.260 0.236 0.986 0.572 0.459 0.679 0.391 0.501 0.743 0.920 0.216 0.327 0.610 0.960 0.591 0.857 0.246 0.713 0.498 0.502 0.762 0.373 0.114 0.064 0.530 0.351 0.232 0.414 0.994 0.469 0.472 0.869 0.135 0.126 0.297 0.195 0.624 0.243 0.470 0.436 0.527 0.142 0.230 0.462 0.208 0.491 0.986 0.596 0.427 0.525 0.356 0.711 0.267 0.092 0.500 0.981 0.525 0.443 0.834 0.980 0.752 0.465 0.502 0.514 0.691 0.354 0.907 0.911 0.782 0.119 0.317 0.844 0.852 0.557 0.585 0.704
0.518 0.972 0.810 0.428 0.590 0.165 0.347 0.745 0.964 0.840 0.317 0.004 0.333 0.362 0.505 0.980 0.173 0.193 0.869 0.976 0.910 0.646 0.824 0.532 0.796 0.814 0.463 0.478 0.295 0.504 0.393 0.642 0.387 0.148 0.420 0.819 0.371 0.259 0.544 0.585 0.754 0.403 0.721 0.606 0.998 0.066 0.097 0.441 0.752 0.021 0.923 0.357 0.288 0.376 0.373 0.602 0.929 0.217 0.438 0.545 0.544 0.530 0.305 0.459 0.731 0.824 0.207 0.455 0.506 0.685 0.763 0.602 0.362 0.511 0.628 0.036 0.741 0.345 0.113 0.244 0.594 0.220 0.170 0.124 0.515 0.944 0.457 0.249 0.133 0.179 0.905 0.191 0.658 0.241 0.376 0.031 0.515 0.763 0.896 0.283
0.884 0.740 0.480 0.613 0.139 0.994 0.032 0.325 0.384 0.698 0.631 0.770 0.388 0.864 0.805 0.598 0.776 0.502 0.841 0.820 0.089 0.106 0.837 0.583 0.188 0.817 0.923 0.336 0.761 0.124 0.124 0.687 0.392 0.454 0.408 0.982 0.115 0.754 0.873 0.064 0.040 0.950 0.557 0.167 0.872 0.123 0.993 0.938 0.561 0.007 0.260 0.725 0.156 0.242 0.744 0.270 0.090 0.536 0.593 0.062 0.084 0.881 0.038 0.440 0.332 0.676 0.101 0.633 0.581 0.384 0.343 0.318 0.698 0.834 0.418 0.295 0.368 0.847 0.468 0.412 0.564 0.285 0.657 0.615 0.855 0.166 0.746 0.907 0.080 0.967 0.687 0.105 0.452 0.556 0.033 0.607 0.624 0.584 0.620 0.544
0.894 0.146 0.419 0.763 0.736 0.619 0.685 0.097 0.336 0.447 0.174 0.682 0.808 0.595 0.701 0.459 0.679 0.348 0.197 0.612 0.163 0.951 0.183 0.057 0.657 0.548 0.536 0.140 0.098 0.474 0.693 0.005 0.953 0.111 0.499 0.585 0.446 0.959 0.640 0.572 0.778 0.198 0.203 0.524 0.775 0.116 0.841 0.027 0.815 0.797 0.208 0.495 0.845 0.754 0.271 0.269 0.040 0.424 0.773 0.371 0.856 0.831 0.214 0.321 0.848 0.868 0.886 0.118 0.402 0.196 0.835 0.767 0.370 0.581 0.078 0.011 0.727 0.652 0.918 0.111 0.808 0.432 0.433 0.664 0.239 0.757 0.040 0.926 0.646 0.241 0.830 0.168 0.147 0.538 0.249 0.279 0.411 0.711 0.275 0.248
0.189 0.739 0.638 0.465 0.892 0.862 0.459 0.497 0.516 0.846 0.356 0.595 0.084 0.254 0.841 0.830 0.314 0.516 0.677 0.624 0.001 0.654 0.995 0.046 0.653 0.969 0.701 0.744 0.935 0.008 0.599 0.858 0.991 0.360 0.619 0.777 0.895 0.522 0.354 0.846 0.555 0.983 0.383 0.279 0.534 0.587 0.111 0.066 0.812 0.090 0.762 0.097 0.745 0.533 0.997 0.272 1.000 0.253 0.077 0.245 0.145 0.913 0.812 0.869 0.161 0.029 0.350 0.150 0.978 0.869 0.693 0.666 0.120 0.807 0.004 0.056 0.387 0.918 0.242 0.216 0.026 0.790 0.738 0.777 0.478 0.335 0.493 0.841 0.135 0.922 0.186 0.618 0.959 0.730 0.873 0.169 0.096 0.290 0.311 0.402
0.374 0.999 0.616 0.689 0.635 0.581 0.586 0.364 0.497 0.056 0.268 0.018 0.006 0.513 0.538 0.991 0.687 0.568 0.198 0.741 0.602 0.466 0.780 0.541 0.193 0.863 0.584 0.619 0.166 0.968 0.710 0.537 0.757 0.705 0.430 0.797 0.142 0.911 0.457 0.684 0.632 0.385 0.349 0.611 0.587 0.000 0.900 0.574 0.753 0.762 0.909 0.937 0.979 0.477 0.698 0.837 0.311 0.339 0.667 0.537 0.644 0.033 0.157 0.837 0.896 0.794 0.120 0.254 0.063 0.379 0.004 0.539 0.202 0.952 0.833 0.906 0.163 0.379 0.344 0.248 0.241 0.336 0.918 0.080 0.852 0.171 0.685 0.704 0.151 0.010 0.478 0.518 0.397 0.586 0.918 0.042 0.191 0.070 0.603 0.385
0.489 0.751 0.660 0.458 0.365 0.971 0.513 0.238 0.750 0.050 0.814 0.987 0.275 0.505 0.419 0.099 0.186 0.738 0.588 0.132 0.066 0.717 0.691 0.626 0.233 0.668 0.531 0.658 0.847 0.560 0.928 0.842 0.600 0.481 0.191 0.157 0.075 0.473 0.380 0.158 0.248 0.448 0.137 0.349 0.309 0.207 0.738 0.805 0.192 0.426 0.595 0.087 0.269 0.862 0.654 0.153 0.181 0.307 0.542 0.279 0.938 0.656 0.042 0.223 0.722 0.121 0.129 0.145 0.601 0.754 0.770 0.722 0.902 0.976 0.191 0.825 0.782 0.345 0.145 0.808 0.461 0.282 0.100 0.643 0.700 0.405 0.163 0.382 0.838 0.942 0.669 0.026 0.478 0.504 0.829 0.419 0.773 0.081 0.295 0.187
0.385 0.602 0.354 0.360 0.015 0.441 0.698 0.012 0.208 0.702 0.318 0.436 0.502 0.400 0.129 0.035 0.581 0.940 0.797 0.420 0.748 0.552 0.293 0.998 0.973 0.031 0.642 0.576 0.137 0.307 0.283 0.341 0.813 0.915 0.766 0.824 0.324 0.802 0.572 0.455 0.998 0.449 0.264 0.289 0.425 0.927 0.230 0.697 0.310 0.849 0.391 0.190 0.945 0.440 0.539 0.906 0.790 0.227 0.771 0.050 0.921 0.613 0.100 0.517 0.450 0.748 0.393 0.934 0.287 0.164 0.768 0.980 0.782 0.001 0.749 0.317 0.330 0.168 0.603 0.380 0.161 0.820 0.985 0.003 0.501 0.566 0.649 0.099 0.329 0.736 0.435 0.860 0.447 0.401 0.910 0.773 0.294 0.933 0.325 0.836
0.256 0.550 0.359 0.051 0.176 0.797 0.038 0.657 0.021 0.972 0.787 0.118 0.454 0.608 0.097 0.316 0.344 0.290 0.077 0.554 0.476 0.568 0.864 0.830 0.743 0.303 0.551 0.093 0.757 0.447 0.779 0.799 0.805 0.796 0.585 0.923 0.203 0.175 0.931 0.513 0.809 0.292 0.991 0.366 0.538 0.145 0.911 0.862 0.730 0.768 0.449 0.845 0.326 0.517 0.011 0.951 0.647 0.900 0.792 0.372 0.808 0.286 0.669 0.207 0.091 0.495 0.950 0.590 0.208 0.021 0.788 0.009 0.635 0.062 0.576 0.739 0.116 0.017 0.304 0.759 0.306 0.375 0.508 0.311 0.494 0.699 0.788 0.835 0.089 0.546 0.240 0.760 0.224 0.535 0.036 0.375 0.705 0.267 0.739 0.675
0.913 0.877 0.842 0.384 0.572 0.749 0.462 0.552 0.307 0.788 0.350 0.963 0.738 0.934 0.160 0.101 0.338 0.483 0.585 0.751 0.627 0.385 0.932 0.673 0.025 0.206 0.313 0.821 0.155 0.040 0.357 0.119 0.260 0.462 0.220 0.135 0.783 0.984 0.231 0.187 0.777 0.384 0.661 0.784 0.479 0.895 0.262 0.636 0.625 0.195 0.337 0.057 0.788 0.932 0.723 0.746 0.002 0.441 0.885 0.730 0.152 0.361 0.313 0.303 0.143 0.564 0.341 0.813 0.596 0.685 0.100 0.911 0.176 0.160 0.117 0.210 0.779 0.781 0.520 0.274 0.442 0.215 0.448 0.124 0.918 0.911 0.824 0.215 0.875 0.785 0.128 0.179 0.539 0.505 0.672 0.357 0.196 0.287 0.352 0.677
0.979 0.064 0.923 0.958 0.179 0.899 0.525 0.612 0.267 0.988 0.083 0.509 0.786 0.356 0.011 0.629 0.138 0.899 0.439 0.891 0.050 0.416 0.448 0.405 0.355 0.916 0.647 0.029 0.724 0.224 0.751 0.787 0.637 0.894 0.527 0.585 0.370 0.291 0.802 0.187 0.863 0.031 0.280 0.765 0.172 0.678 0.176 0.649 0.267 0.622 0.149 0.636 0.051 0.881 0.310 0.243 0.440 0.030 0.229 0.543 0.895 0.188 0.043 0.936 0.695 0.225 0.304 0.485 0.905 0.748 0.348 0.913 0.258 0.077 0.707 0.989 0.640 0.217 0.084 0.870 0.090 0.736 0.293 0.732 0.269 0.324 0.406 0.749 0.440 0.329 0.407 0.337 0.420 0.328 0.748 0.025 0.990 0.019 0.144 0.163
0.052 0.453 0.616 0.068 0.117 0.043 0.846 0.441 0.395 0.298 0.122 0.406 0.437 0.320 0.697 0.262 0.054 0.912 0.315 0.764 0.961 0.181 0.496 0.131 0.395 0.952 0.474 0.152 0.166 0.741 0.799 0.133 0.277 0.120 0.505 0.745 0.869 0.755 0.574 0.977 0.504 0.289 0.067 0.613 0.007 0.063 0.778 0.414 0.350 0.521 0.077 0.694 0.729 0.181 0.540 0.976 0.705 0.552 0.214 0.362 0.406 0.181 0.670 0.514 0.255 0.495 0.417 0.945 0.385 0.158 0.213 0.420 0.775 0.357 0.642 0.166 0.837 0.908 0.581 0.523 0.418 0.655 0.900 0.899 0.943 0.619 0.382 0.171 0.462 0.121 0.919 0.460 0.993 0.640 0.076 0.651 0.122 0.149 0.645 0.239
0.047 0.893 0.283 0.318 0.536 0.645 0.512 0.707 0.158 0.584 0.411 0.628 0.944 0.475 0.248 0.559 0.881 0.150 0.647 0.834 0.331 0.161 0.977 0.310 0.210 0.945 0.034 0.457 0.337 0.019 0.643 0.228 0.212 0.718 0.360 0.628 0.800 0.683 0.301 0.226 0.671 0.418 0.451 0.697 0.151 0.760 0.791 0.047 0.245 0.350 0.798 0.390 0.800 0.533 0.048 0.571 0.588 0.168 0.442 0.546 0.964 0.588 0.555 0.466 0.552 0.882 0.433 0.428 0.720 0.619 0.572 0.140 0.062 0.952 0.279 0.425 0.401 0.213 0.612 0.159 0.038 0.670 0.068 0.346 0.362 0.249 0.900 0.965 0.784 0.342 0.144 0.262 0.183 0.732 0.232 0.462 0.272 0.623 0.485 0.474
0.207 0.468 0.214 0.943 0.062 0.221 0.351 0.836 0.606 0.684 0.189 0.098 0.852 0.418 0.688 0.269 0.010 0.370 0.935 0.337 0.882 0.441 0.439 0.176 0.920 0.381 0.685 0.498 0.633 0.868 0.362 0.883 0.080 0.931 0.334 0.186 0.765 0.516 0.646 0.339 0.822 0.244 0.184 0.486 0.258 0.552 0.807 0.882 0.049 0.836 0.432 0.153 0.318 0.367 0.416 0.172 0.594 0.744 0.299 0.463 0.580 0.400 0.623 0.749 0.141 0.213 0.858 0.073 0.389 0.440 0.892 0.689 0.560 0.004 0.542 0.370 0.162 0.375 0.491 0.655 0.911 0.568 0.736 0.801 0.920 0.210 0.066 0.635 0.601 0.577 0.741 0.450 0.429 0.446 0.758 0.011 0.350 0.066 0.699 0.803
0.370 0.313 0.708 0.504 0.825 0.841 0.426 0.067 0.447 0.559 0.078 0.618 0.781 0.817 0.761 0.003 0.588 0.910 0.482 0.528 0.902 0.485 0.068 0.569 0.952 0.090 0.367 0.914 0.313 0.544 0.841 0.571 0.699 0.155 0.825 0.396 0.526 0.167 0.622 0.799 0.860 0.154 0.259 0.234 0.757 0.035 0.082 0.269 0.642 0.912 0.725 0.429 0.194 0.989 0.361 0.510 0.442 0.903 0.684 0.348 0.993 0.086 0.262 0.706 0.947 0.010 0.042 0.956 0.742 0.754 0.129 0.773 0.081 0.265 0.495 0.018 0.112 0.518 0.918 0.564 0.770 0.826 0.907 0.086 0.598 0.164 0.462 0.263 0.942 0.947 0.860 0.725 0.893 0.764 0.753 0.116 0.348 0.966 0.595 0.048
0.507 0.219 0.327 0.358 0.626 0.531 0.462 0.178 0.163 0.464 0.902 0.486 0.128 0.885 0.565 0.706 0.295 0.123 0.573 0.143 0.483 0.645 0.726 0.787 0.085 0.792 0.760 0.943 0.762 0.891 0.142 0.800 0.895 0.635 0.400 0.873 0.109 0.670 0.421 0.483 0.411 0.146 0.671 0.226 0.890 0.087 0.417 0.441 0.978 0.837 0.500 0.263 0.707 0.871 0.819 0.267 0.341 0.424 0.400 0.039 0.935 0.915 0.444 0.212 0.783 0.657 0.513 0.635 0.855 0.182 0.029 0.349 0.319 0.176 0.680 0.072 0.408 0.486 0.440 0.738 0.035 0.021 0.569 0.586 0.469 0.966 0.897 0.275 0.296 0.820 0.755 0.484 0.637 0.288 0.872 0.312 0.048 0.380 0.467 0.445
0.409 0.065 0.571 0.902 0.729 0.411 0.192 0.352 0.782 0.380 0.365 0.707 0.900 0.507 0.158 0.945 0.413 0.653 0.572 0.965 0.043 0.144 0.424 0.087 0.239 0.880 0.732 0.841 0.667 0.066 0.394 0.759 0.880 0.833 0.664 0.216 0.137 0.025 0.716 0.953 0.628 0.466 0.122 0.216 0.890 0.701 0.228 0.179 0.112 0.087 0.276 0.041 0.852 0.031 0.466 0.517 0.731 0.119 0.412 0.386 0.491 0.529 0.854 0.133 0.148 0.118 0.650 0.920 0.808 0.510 0.096 0.679 0.562 0.797 0.370 0.576 0.645 0.208 0.480 0.938 0.645 0.009 0.698 0.354 0.480 0.340 0.184 0.211 0.146 0.203 0.735 0.543 0.680 0.428 0.540 0.217 0.394 0.170 0.788 0.107
0.433 0.514 0.957 0.341 0.766 0.920 0.419 0.312 0.653 0.890 0.480 0.605 0.475 0.386 0.832 0.226 0.118 0.072 0.098 0.625 0.754 0.151 0.578 0.753 0.425 0.139 0.481 0.381 0.108 0.328 0.611 0.411 0.776 0.562 0.177 0.547 0.772 0.278 0.589 0.648 0.124 0.926 0.559 0.654 0.242 0.331 0.978 0.128 0.867 0.103 0.172 0.532 0.570 0.801 0.357 0.025 0.633 0.979 0.577 0.008 0.076 0.897 0.426 0.624 0.544 0.739 0.199 0.203 0.575 0.988 0.429 0.967 0.089 0.046 0.995 0.435 0.725 0.912 0.733 0.953 0.577 0.495 0.910 0.271 0.226 0.514 0.310 0.167 0.014 0.463 0.437 0.590 0.036 0.769 0.611 0.751 0.709 0.367 0.568 0.488
0.882 0.888 0.107 0.340 0.389 0.180 0.217 0.132 0.384 0.524 0.345 0.702 0.146 0.730 0.365 0.940 0.233 0.232 0.869 0.246 0.549 0.373 0.471 0.675 0.231 0.586 0.111 0.829 0.169 0.475 0.780 0.458 0.579 0.797 0.235 0.941 0.558 0.889 0.046 0.975 0.684 0.151 0.718 0.107 0.267 0.608 0.035 0.287 0.957 0.960 0.020 0.666 0.788 0.232 0.950 0.506 0.287 0.144 0.727 0.975 0.446 0.977 0.853 0.667 0.833 0.754 0.122 0.361 0.515 0.156 0.733 0.983 0.302 0.252 0.683 0.401 0.141 0.866 0.701 0.883 0.208 0.524 0.318 0.988 0.496 0.774 0.150 0.648 0.993 0.141 0.584 0.321 0.046 0.253 0.854 0.182 0.089 0.511 0.600 0.366
0.858 0.050 0.881 0.289 0.637 0.985 0.237 0.304 0.406 0.498 0.896 0.673 0.411 0.910 0.929 0.078 0.710 0.980 0.481 0.703 0.607 0.452 0.335 0.261 0.693 0.760 0.115 0.051 0.822 0.013 0.020 0.217 0.357 0.298 0.518 0.976 0.064 0.165 0.776 0.771 0.155 0.363 0.260 0.250 0.240 0.144 0.866 0.935 0.773 0.182 0.087 0.235 0.202 0.543 0.915 0.292 0.541 0.667 0.158 0.371 0.904 0.950 0.409 0.926 0.864 0.567 0.564 0.942 0.244 0.473 0.562 0.143 0.696 0.045 0.570 0.670 0.206 0.839 0.128 0.780 0.560 0.036 0.010 0.700 0.261 0.735 0.920 0.625 0.246 0.560 0.580 0.917 0.452 0.798 0.923 0.205 0.612 0.026 0.804 0.075
0.647 0.185 0.265 0.975 0.270 0.187 0.122 0.441 0.004 0.149 0.969 0.053 0.769 0.799 0.245 0.232 0.218 0.802 0.143 0.137 0.791 0.958 0.139 0.655 0.664 0.759 0.515 0.682 0.316 0.629 0.568 0.626 0.122 0.895 0.509 0.475 0.421 0.743 0.053 0.960 0.019 0.892 0.348 0.960 0.098 0.432 0.084 0.869 0.095 0.886 0.293 0.800 0.852 0.603 0.904 0.213 0.659 0.336 0.681 0.387 0.166 0.721 0.003 0.965 0.282 0.970 0.134 0.132 0.232 0.138 0.300 0.681 0.759 0.529 0.822 0.288 0.887 0.903 0.830 0.870 0.345 0.527 0.909 0.773 0.972 0.812 0.202 0.035 0.975 0.998 0.926 0.159 0.585 0.125 0.850 0.160 0.307 0.042 0.434 0.484
0.055 0.219 0.074 0.782 0.785 0.069 0.235 0.279 0.111 0.997 0.147 0.500 0.631 0.621 0.892 0.414 0.461 0.288 0.685 0.379 0.626 0.579 0.240 0.266 0.044 0.534 0.930 0.482 0.876 0.356 0.766 0.575 0.938 0.269 0.762 0.654 0.674 0.364 0.116 0.295 0.760 0.716 0.789 0.383 0.768 0.964 0.512 0.051 0.355 0.387 0.571 0.553 0.502 0.567 0.891 0.878 0.255 0.447 0.026 0.110 0.326 0.896 0.210 0.692 0.373 0.555 0.623 0.297 0.094 0.757 0.257 0.655 0.937 0.073 0.970 0.718 0.110 0.311 0.821 0.996 0.049 0.198 0.176 0.246 0.382 0.647 0.312 0.658 0.311 0.459 0.417 0.067 0.715 0.279 0.968 0.746 0.437 0.549 0.797 0.512
0.144 0.026 0.309 0.704 0.049 0.985 0.067 0.434 0.371 0.220 0.614 0.211 0.464 0.450 0.456 0.551 0.223 0.115 0.075 0.853 0.550 0.393 0.737 0.815 0.231 0.812 0.720 0.054 0.432 0.394 0.468 0.478 0.930 0.662 0.795 0.005 0.857 0.745 0.368 0.005 0.424 0.188 0.679 0.114 0.428 0.739 0.419 0.512 0.292 0.356 0.735 0.557 0.487 0.015 0.987 0.450 0.200 0.151 0.414 0.386 0.429 0.401 0.474 0.012 0.890 0.900 0.415 0.539 0.364 0.335 0.970 0.139 0.069 0.757 0.138 0.851 0.943 0.714 0.628 0.678 0.976 0.829 0.897 0.480 0.411 0.323 0.206 0.659 0.262 0.011 0.221 0.945 0.229 0.539 0.821 0.064 0.957 0.780 0.764 0.057
0.400 0.730 0.259 0.157 0.643 0.974 0.205 0.412 0.231 0.339 0.673 0.947 0.918 0.144 0.336 0.683 0.293 0.314 0.390 0.517 0.386 0.893 0.751 0.255 0.235 0.459 0.382 0.727 0.477 0.269 0.769 0.547 0.447 0.492 0.871 0.392 0.080 0.780 0.179 0.875 0.482 0.178 0.761 0.797 0.374 0.006 0.821 0.637 0.224 0.883 0.522 0.560 0.307 0.127 0.501 0.473 0.179 0.321 0.252 0.956 0.939 0.601 0.064 0.298 0.774 0.391 0.949 0.841 0.427 0.990 0.677 0.027 0.292 0.917 0.136 0.833 0.781 0.656 0.278 0.854 0.180 0.359 0.465 0.187 0.454 0.445 0.611 0.583 0.795 0.076 0.681 0.809 0.265 0.540 0.229 0.500 0.960 0.853 0.385 0.318
0.675 0.103 0.254 0.039 0.066 0.804 0.903 0.252 0.123 0.406 0.867 0.792 0.978 0.058 0.076 0.438 0.146 0.905 0.980 0.232 0.623 0.904 0.087 0.287 0.708 0.605 0.662 0.428 0.054 0.367 0.490 0.410 0.925 0.467 0.442 0.176 0.115 0.885 0.999 0.312 0.003 0.561 0.036 0.220 0.772 0.125 0.222 0.418 0.364 0.454 0.317 0.681 0.680 0.213 0.845 0.561 0.936 0.762 0.964 0.065 0.014 0.088 0.758 0.648 0.319 0.629 0.186 0.445 0.857 0.397 0.714 0.315 0.713 0.588 0.025 0.205 0.606 0.825 0.004 0.880 0.057 0.935 0.504 0.409 0.221 0.293 0.802 0.128 0.289 0.620 0.680 0.226 0.551 0.500 0.388 0.350 0.661 0.380 0.492 0.850
0.366 0.193 0.530 0.298 0.023 0.133 0.274 0.469 0.695 0.552 0.620 0.383 0.531 0.823 0.123 0.030 0.878 0.802 0.869 0.527 0.715 0.521 0.422 0.440 0.581 0.335 0.096 0.844 0.362 0.568 0.455 0.383 0.881 0.735 0.162 0.466 0.604 0.422 0.865 0.764 0.303 0.871 0.791 0.513 0.519 0.844 0.440 0.147 0.492 0.523 0.798 0.207 0.337 0.254 0.056 0.171 0.142 0.033 0.228 0.262 0.507 0.970 0.449 0.805 0.185 0.713 0.184 0.164 0.639 0.969 0.172 0.310 0.599 0.945 0.265 0.453 0.461 0.010 0.808 0.253 0.952 0.626 0.955 0.635 0.325 0.758 0.606 0.342 0.920 0.236 0.784 0.926 0.073 0.988 0.100 0.622 0.527 0.980 0.088 0.654
0.589 0.176 0.640 0.656 0.592 0.132 0.304 0.949 0.935 0.502 0.371 0.785 0.837 0.672 0.475 0.766 0.059 0.678 0.350 0.994 0.402 0.295 0.241 0.954 0.986 0.611 0.564 0.486 0.552 0.593 0.118 0.311 0.601 0.059 0.970 0.142 0.335 0.354 0.333 0.509 0.473 0.089 0.115 0.163 0.915 0.888 0.834 0.873 0.581 0.631 0.892 0.631 0.971 0.831 0.920 0.231 0.784 0.489 0.363 0.966 0.953 0.546 0.721 0.719 0.329 0.490 0.508 0.052 0.376 0.222 0.747 0.735 0.991 0.994 0.426 0.911 0.106 0.399 0.929 0.276 0.238 0.620 0.399 0.848 0.667 0.840 0.831 0.933 0.382 0.579 0.274 0.529 0.856 0.518 0.524 0.461 0.975 0.488 0.181 0.521
0.417 0.808 0.562 0.456 0.376 0.818 0.673 0.659 0.765 0.588 0.175 0.702 0.176 0.259 0.079 0.016 0.263 0.677 0.531 0.949 0.327 0.559 0.109 0.697 0.452 0.655 0.006 0.749 0.341 0.139 0.672 0.213 0.915 0.285 0.663 0.235 0.806 0.390 0.646 0.661 0.612 0.263 0.785 0.352 0.494 0.733 0.503 0.648 0.086 0.902 0.001 0.082 0.486 0.437 0.539 0.365 0.894 0.181 0.628 0.677 0.437 0.721 0.125 0.283 0.023 0.249 0.569 0.715 0.343 0.983 0.707 0.137 0.820 0.533 0.704 0.916 0.832 0.011 0.665 0.494 0.329 0.000 0.471 0.122 0.723 0.216 0.871 0.484 0.301 0.796 0.586 0.222 0.495 0.714 0.794 0.601 0.956 0.970 0.698 0.788
0.726 0.817 0.255 0.896 0.543 0.344 0.654 0.488 0.132 0.807 0.427 0.601 0.273 0.999 0.366 0.408 0.258 0.054 0.147 0.421 0.436 0.764 0.076 0.344 0.849 0.905 0.031 0.963 0.583 0.959 0.206 0.647 0.381 0.616 0.918 0.698 0.343 0.734 0.608 0.278 0.679 0.590 0.579 0.536 0.144 0.789 0.667 0.859 0.889 0.986 0.626 0.835 0.658 0.564 0.208 0.626 0.181 0.210 0.772 0.299 0.855 0.773 0.720 0.840 0.627 0.562 0.028 0.788 0.273 0.859 0.241 0.869 0.140 0.650 0.192 0.420 0.093 0.273 0.150 0.200 0.446 0.420 0.888 0.137 0.119 0.703 0.119 0.595 0.413 0.565 0.745 0.671 0.554 0.822 0.708 0.180 0.816 0.267 0.170 0.708
0.512 0.857 0.571 0.802 0.835 0.332 0.704 0.394 0.899 0.825 0.019 0.629 0.463 0.053 0.956 0.825 0.681 0.687 0.044 0.921 0.424 0.561 0.119 0.131 0.210 0.510 0.739 0.859 0.683 0.373 0.581 0.516 0.759 0.921 0.939 0.021 0.889 0.905 0.484 0.915 0.356 0.785 0.429 0.822 0.432 0.983 0.693 0.132 0.362 0.855 0.419 0.337 0.627 0.321 0.997 0.003 0.817 0.319 0.941 0.343 0.199 0.262 0.169 0.937 0.437 0.838 0.052 0.585 0.237 0.005 0.971 0.440 0.589 0.711 0.101 0.926 0.437 0.787 0.195 0.569 0.981 0.417 0.019 0.186 0.978 0.184 0.566 0.388 0.871 0.556 0.762 0.273 0.045 0.759 0.286 0.961 0.102 0.606 0.777 0.527
0.056 0.734 0.953 0.966 0.765 0.706 0.491 0.160 0.578 0.516 0.725 0.092 0.766 0.324 0.908 0.263 0.158 0.717 0.617 0.391 0.655 0.436 0.518 0.997 0.337 0.785 0.745 0.229 0.971 0.422 0.131 0.835 0.982 0.622 0.174 0.968 0.792 0.957 0.391 0.246 0.899 0.634 0.255 0.593 0.086 0.815 0.468 0.993 0.094 0.167 0.938 0.184 0.160 0.928 0.174 0.307 0.155 0.720 0.285 0.433 0.559 0.092 0.759 0.964 0.827 0.247 0.359 0.453 0.002 0.845 0.597 0.698 0.935 0.606 0.782 0.780 0.526 0.038 0.703 0.021 0.099 0.289 0.910 0.985 0.884 0.583 0.251 0.922 0.699 0.556 0.713 0.608 0.876 0.921 0.075 0.156 0.188 0.485 0.440 0.431
0.404 0.318 0.767 0.025 0.135 0.386 0.672 0.739 0.137 0.417 0.094 0.510 0.495 0.700 0.211 0.573 0.676 0.865 0.465 0.390 0.347 0.205 0.661 0.146 0.112 0.551 0.188 0.557 0.474 0.740 0.361 0.511 0.863 0.235 0.049 0.390 0.729 0.158 0.474 0.190 0.733 0.289 0.681 0.803 0.751 0.737 0.671 0.459 0.323 0.446 0.270 0.413 0.491 0.705 0.957 0.767 0.452 0.164 0.653 0.967 0.402 0.124 0.321 0.433 0.497 0.090 0.938 0.901 0.715 0.223 0.641 0.321 0.898 0.054 0.014 0.969 0.921 0.267 0.535 0.782 0.106 0.621 0.603 0.926 0.803 0.211 0.244 0.733 0.328 0.311 0.322 0.634 0.410 0.761 0.627 0.661 0.135 0.945 0.807 0.047
0.845 0.116 0.221 0.244 0.096 0.379 0.908 0.926 0.966 0.216 0.971 0.625 0.612 0.519 0.959 0.513 0.996 0.453 0.108 0.429 0.171 0.593 0.524 0.073 0.829 0.124 0.090 0.002 0.036 0.829 0.679 0.032 0.190 0.150 0.255 0.658 0.009 0.798 0.382 0.917 0.785 0.983 0.630 0.990 0.062 0.737 0.641 0.124 0.096 0.187 0.403 0.079 0.564 0.436 0.802 0.375 0.672 0.680 0.063 0.288 0.228 0.606 0.120 0.140 0.459 0.130 0.588 0.679 0.999 0.271 0.652 0.711 0.944 0.625 0.709 0.221 0.604 0.894 0.522 0.126 0.590 0.939 0.665 0.783 0.286 0.575 0.435 0.323 0.483 0.965 0.694 0.745 0.215 0.478 0.472 0.709 0.866 0.230 0.195 0.841
0.721 0.735 0.960 0.515 0.384 0.270 0.187 0.652 0.446 0.928 0.155 0.565 0.700 0.591 0.740 0.473 0.508 0.350 0.834 0.395 0.859 0.895 0.447 0.334 0.496 0.538 0.032 0.819 0.106 0.873 0.794 0.248 0.992 0.487 0.085 0.754 0.527 0.543 0.633 0.641 0.981 0.166 0.351 0.594 0.503 0.298 0.153 0.487 0.032 0.020 0.310 0.539 0.908 0.351 0.600 0.403 0.595 0.401 0.605 0.705 0.663 0.425 0.084 0.093 0.936 0.247 0.473 0.292 0.447 0.602 0.977 0.671 0.775 0.930 0.030 0.664 0.844 0.596 0.367 0.810 0.288 0.905 0.625 0.095 0.061 0.737 0.353 0.107 0.833 0.687 0.393 0.291 0.325 0.634 0.186 0.151 0.726 0.441 0.009 0.285
0.560 0.791 0.365 0.591 0.916 0.012 0.749 0.372 0.236 0.817 0.141 0.387 0.261 0.824 0.966 0.209 0.279 0.474 0.737 0.799 0.912 0.926 0.840 0.382 0.600 0.419 0.511 0.902 0.452 0.628 0.686 0.058 0.012 0.625 0.762 0.652 0.766 0.158 0.246 0.654 0.611 0.222 0.485 0.550 0.132 0.102 0.157 0.974 0.786 0.631 0.496 0.638 0.173 0.583 0.370 0.533 0.252 0.309 0.465 0.538 0.266 0.747 0.414 0.639 0.879 0.846 0.652 0.010 0.474 0.860 0.396 0.928 0.104 0.743 0.144 0.763 0.803 0.845 0.587 0.530 0.654 0.236 0.415 0.712 0.603 0.972 0.966 0.810 0.822 0.790 0.185 0.574 0.296 0.174 0.139 0.080 0.845 0.159 0.506 0.998
0.394 0.009 0.512 0.182 0.950 0.338 0.292 0.021 0.176 0.611 0.039 0.674 0.711 0.768 0.881 0.257 0.804 0.533 0.004 0.513 0.138 0.611 0.657 0.758 0.024 0.292 0.542 0.840 0.586 0.503 0.807 0.901 0.371 0.620 0.021 0.910 0.349 0.045 0.498 0.537 0.912 0.934 0.341 0.648 0.656 0.614 0.419 0.859 0.538 0.670 0.504 0.743 0.814 0.035 0.406 0.285 0.026 0.767 0.626 0.927 0.924 0.120 0.479 0.745 0.709 0.157 0.132 0.434 0.958 0.797 0.243 0.566 0.373 0.247 0.643 0.637 0.007 0.778 0.769 0.772 0.438 0.683 0.468 0.206 0.441 0.977 0.006 0.003 0.963 0.916 0.306 0.396 0.883 0.315 0.436 0.690 0.549 0.856 0.390 0.784
0.029 0.235 0.838 0.892 0.746 0.209 0.280 0.237 0.247 0.524 0.356 0.239 0.016 0.152 0.067 0.104 0.797 0.716 0.291 0.534 0.912 0.184 0.458 0.228 0.444 0.613 0.419 0.123 0.067 0.857 0.305 0.660 0.138 0.720 0.977 0.604 0.811 0.397 0.180 0.975 0.774 0.133 0.074 0.153 0.835 0.873 0.430 0.179 0.841 0.329 0.346 0.992 0.920 0.499 0.146 0.681 0.047 0.546 0.719 0.679 0.197 0.574 0.500 0.782 0.377 0.733 0.240 0.040 0.319 0.202 0.231 0.045 0.718 0.394 0.975 0.482 0.666 0.005 0.445 0.904 0.832 0.493 0.926 0.066 0.350 0.083 0.826 0.135 0.764 0.296 0.957 0.944 0.670 0.039 0.127 0.272 0.765 0.541 0.343 0.283
