Array_Size,Threads,Serial_Time(s),Parallel_Time(s),Speedup,Efficiency(%)
512x512,1,0.007988,0.007981,1.00
1.00,100.09
512x512,2,0.007979,0.004161,1.92
1.92,95.88
512x512,4,0.007969,0.002206,3.61
3.61,90.30
512x512,8,0.007965,0.001215,6.56
6.56,81.94
512x512,16,0.007986,0.000879,9.08
9.08,56.76
1024x1024,1,0.032041,0.031686,1.01
1.01,101.12
1024x1024,2,0.031841,0.016522,1.93
1.93,96.36
1024x1024,4,0.032043,0.008337,3.84
3.84,96.09
1024x1024,8,0.031921,0.004344,7.35
7.35,91.85
1024x1024,16,0.031807,0.002426,13.11
13.11,81.94
2048x2048,1,0.130460,0.129714,1.01
1.01,100.58
2048x2048,2,0.130355,0.065527,1.99
1.99,99.47
2048x2048,4,0.130635,0.033267,3.93
3.93,98.17
2048x2048,8,0.130189,0.016769,7.76
7.76,97.05
2048x2048,16,0.130199,0.008872,14.68
14.68,91.72