100 100
2.008 3.023 3.717 3.099 2.947 3.751 4.413 5.195 5.585 6.279 5.779 6.038 5.156 4.169 3.353 3.308 2.815 3.116 3.199 3.752 3.380 4.202 4.691 5.040 5.333 5.506 5.666 4.725 5.149 5.148 4.738 4.345 4.022 3.898 3.996 4.853 4.465 4.941 5.500 5.218 5.382 5.279 4.738 5.070 4.710 4.743 3.879 4.537 4.406 4.787 4.182 4.825 5.013 4.979 4.848 4.531 4.399 4.298 4.633 4.425 5.067 4.781 4.930 4.072 4.726 4.128 4.064 5.053 5.487 5.733 4.854 5.165 4.603 5.055 4.760 4.392 4.750 4.475 4.981 5.062 5.185 5.303 4.944 4.884 4.588 5.096 4.747 5.708 5.808 5.782 6.372 5.910 4.710 4.826 4.786 5.017 5.677 5.605 4.445 3.585
3.109 3.684 4.658 4.918 4.644 5.042 5.626 6.022 6.672 6.749 5.622 6.011 5.451 5.234 4.479 4.761 4.052 3.516 4.152 4.925 4.844 5.165 5.841 5.891 5.752 6.095 6.807 5.955 6.236 5.348 5.045 4.565 5.236 5.308 5.487 5.692 6.150 5.373 5.317 5.769 5.866 6.724 6.019 5.465 5.267 5.378 5.193 5.518 5.340 5.532 5.449 5.555 4.929 4.827 5.101 5.328 4.836 5.011 5.536 4.898 6.213 5.822 5.415 4.799 5.520 5.153 5.161 4.961 5.261 5.802 6.272 6.805 6.145 6.145 5.651 5.422 5.827 6.108 5.961 6.012 6.072 5.714 5.773 6.464 5.840 5.671 5.411 5.681 5.336 6.090 6.390 6.575 6.532 5.688 5.590 5.095 5.459 6.067 4.675 3.840
2.995 3.139 4.614 5.345 5.374 5.162 6.487 6.672 6.514 7.065 5.952 5.717 5.223 5.483 4.087 4.863 4.023 4.429 5.172 5.994 5.773 6.544 6.924 7.202 6.702 6.913 7.433 6.386 6.169 5.753 5.816 6.038 6.283 5.260 5.977 6.596 7.211 6.323 6.750 6.255 6.486 6.651 6.405 5.976 6.319 6.280 5.401 6.521 6.100 6.272 5.544 6.344 6.482 6.439 5.566 5.913 5.484 5.292 6.357 6.543 6.460 6.989 6.295 5.649 5.763 6.156 5.093 4.141 5.484 6.416 6.618 7.818 7.816 8.351 7.941 7.607 7.444 6.678 6.436 5.850 6.488 6.110 6.333 6.678 5.298 5.447 5.389 5.441 5.188 5.515 6.449 7.221 6.519 7.233 7.239 7.200 7.101 7.058 5.848 3.871
2.697 3.536 4.717 4.906 6.135 5.461 6.804 7.091 7.279 6.298 6.592 5.554 4.331 4.792 4.521 5.007 4.985 5.681 4.848 5.617 5.565 6.293 7.002 7.744 7.385 7.199 7.528 6.111 6.302 5.187 5.847 5.273 5.889 5.264 5.150 6.049 6.466 6.360 6.415 6.070 5.853 5.510 6.087 6.751 5.971 5.124 5.334 6.339 6.356 6.058 6.258 6.330 6.244 6.153 5.902 5.436 5.037 5.603 5.359 5.616 6.676 7.044 6.311 5.729 5.575 5.548 5.624 6.269 6.047 6.350 6.296 7.459 7.839 9.062 8.115 8.569 7.869 7.358 7.245 6.975 6.916 6.590 5.726 5.768 6.653 6.119 4.995 6.052 5.842 5.834 6.304 7.203 6.417 7.312 6.435 5.921 6.574 6.477 5.187 3.527
3.048 3.867 5.462 5.036 6.530 5.545 5.831 6.241 6.615 5.622 5.634 5.917 4.996 5.139 4.882 5.588 4.774 5.716 6.787 6.467 6.184 6.637 6.418 7.599 7.172 6.017 6.449 6.275 5.435 4.912 5.553 5.854 6.511 6.463 6.518 6.714 6.416 6.902 6.439 6.949 6.058 6.464 6.088 5.684 5.950 5.012 4.872 5.676 5.438 4.641 5.137 5.578 6.192 5.895 6.631 6.578 6.025 5.329 5.484 5.486 6.355 6.777 6.648 6.831 6.920 6.802 6.698 6.008 6.324 7.154 7.699 7.626 7.896 8.433 7.643 8.776 8.626 8.723 7.604 7.402 7.122 6.916 5.545 5.638 5.965 5.494 4.341 5.599 5.145 6.106 5.708 7.065 6.415 6.240 7.069 6.590 6.665 6.342 5.517 3.845
3.831 4.917 5.807 5.065 6.766 5.383 4.797 4.985 6.006 5.472 5.648 6.121 5.451 5.992 5.120 6.763 6.183 6.800 7.469 6.984 6.284 6.816 6.537 7.092 7.234 7.415 6.787 6.805 5.691 5.118 4.861 6.244 6.593 5.967 6.305 7.017 6.753 6.640 6.445 6.820 6.497 5.816 5.503 6.351 6.520 6.024 4.963 5.075 5.499 5.103 5.571 6.087 5.904 5.142 5.884 5.358 5.275 4.877 5.403 6.351 5.872 6.072 6.836 6.341 5.869 6.740 6.326 6.436 6.699 7.232 6.791 7.092 7.479 7.491 7.121 7.435 7.952 8.330 6.656 7.972 7.310 6.882 5.608 5.333 5.687 5.884 5.448 5.414 5.887 6.161 6.561 6.522 6.758 7.176 6.824 6.030 6.539 5.872 5.296 3.169
3.624 4.210 5.907 4.585 5.726 4.844 4.093 3.904 5.022 4.916 4.801 5.310 5.437 6.636 5.477 7.322 7.330 6.711 6.897 7.350 6.748 6.747 6.371 6.737 6.791 6.716 6.098 6.390 5.559 5.290 4.731 5.444 6.141 6.091 6.529 7.091 6.935 6.356 6.285 6.286 7.177 6.027 5.618 5.878 6.129 5.431 5.554 6.096 6.357 5.872 5.532 5.790 5.530 5.286 5.548 6.312 6.454 6.162 6.244 5.506 5.344 6.513 6.105 6.506 5.475 6.570 6.203 6.781 5.625 6.612 6.014 6.277 6.757 7.121 5.907 6.081 7.148 7.495 6.701 7.865 7.808 7.690 6.346 5.553 6.679 7.010 6.363 6.125 7.035 7.233 6.863 6.264 6.677 7.014 6.426 5.873 6.101 5.858 5.519 3.333
3.168 4.127 5.583 4.492 4.492 4.465 4.660 3.997 4.307 4.690 4.618 4.728 5.367 6.119 5.406 6.979 6.587 7.246 8.198 7.345 6.335 6.269 5.903 5.105 5.594 6.265 6.690 7.012 6.230 6.190 4.787 5.291 5.570 6.005 6.061 6.109 6.283 5.773 6.106 6.108 6.992 6.218 6.518 6.297 5.767 5.660 5.130 4.550 5.014 5.212 5.920 5.724 6.082 5.158 5.360 5.302 6.366 5.391 5.546 5.428 5.443 5.650 5.802 6.055 5.775 6.467 6.201 5.733 6.483 6.990 5.930 5.768 5.723 5.550 4.885 5.620 6.295 7.242 6.134 7.404 6.763 6.743 6.021 5.806 5.960 6.692 6.231 6.223 6.710 7.089 7.138 7.016 6.860 7.371 7.454 6.815 6.889 6.073 5.276 3.015
3.220 3.703 4.586 4.401 5.023 5.295 4.649 4.264 4.418 5.402 5.027 4.321 4.895 6.015 4.834 6.097 6.450 7.577 7.103 8.036 8.017 6.550 6.600 5.706 5.728 5.732 5.627 6.110 5.457 5.782 5.147 5.540 5.556 5.947 4.952 5.752 6.310 6.070 5.710 5.857 6.749 6.855 6.018 6.752 6.573 6.059 5.612 5.059 5.558 4.886 5.565 5.096 5.619 4.760 5.324 5.440 5.834 5.375 5.721 4.973 3.958 3.906 4.623 5.358 4.733 5.131 6.249 6.017 6.071 6.618 6.250 5.656 5.705 5.252 5.029 4.554 6.427 7.339 6.143 6.759 6.688 6.481 6.134 6.562 6.239 6.581 7.139 6.033 6.427 6.569 7.320 6.305 6.949 7.526 7.020 6.828 6.411 6.104 5.451 3.429
3.156 3.363 4.783 4.578 5.017 5.109 4.831 4.556 4.582 5.460 4.646 4.004 4.398 5.252 4.195 5.108 6.014 5.857 6.771 7.047 7.889 7.063 7.365 6.423 5.755 4.990 5.627 5.991 5.795 5.612 5.863 5.314 4.907 5.250 5.846 5.392 6.679 6.238 6.477 6.815 6.820 6.823 5.852 6.126 7.070 6.259 5.745 5.981 5.664 5.373 6.083 5.504 6.161 6.012 5.425 5.021 5.569 4.781 4.939 4.462 3.855 4.189 4.598 4.862 5.293 5.172 5.832 5.953 6.179 5.880 6.046 5.219 4.516 3.830 3.867 4.197 5.968 6.958 6.802 7.510 7.151 6.448 5.488 5.992 6.314 6.458 6.867 5.767 5.982 5.491 7.155 5.904 6.777 6.780 6.943 6.293 6.842 6.196 5.419 3.856
2.977 3.716 5.537 5.813 6.127 5.453 5.922 5.949 4.885 5.429 5.756 5.426 5.208 5.033 5.381 5.257 5.453 6.230 6.420 6.579 6.790 5.948 7.342 6.549 6.830 5.889 6.499 5.030 4.887 5.627 5.405 4.807 5.113 4.903 5.558 5.080 6.172 6.977 6.877 6.408 7.011 5.659 6.621 6.227 6.541 6.603 5.959 6.835 6.410 6.552 6.760 6.621 7.549 6.951 7.225 5.850 6.214 6.349 5.378 4.507 4.550 3.899 4.244 4.215 4.675 5.692 5.919 5.727 6.552 5.955 6.180 5.380 4.970 3.860 3.836 4.687 4.823 5.692 5.309 6.015 5.774 5.848 5.508 6.469 5.780 5.750 5.849 5.639 6.591 6.081 6.668 5.694 6.172 6.311 7.426 7.068 6.613 6.634 5.041 4.031
2.894 4.359 5.478 5.933 5.853 5.483 6.030 6.141 5.587 5.930 6.502 5.781 6.275 6.054 5.675 5.618 5.647 5.988 6.278 6.816 6.520 6.151 6.634 6.608 6.320 4.777 6.290 5.982 5.381 5.819 6.191 5.374 5.395 5.590 4.414 4.941 6.858 6.818 6.713 6.676 7.656 5.692 5.960 6.084 6.503 7.315 6.359 6.856 7.047 6.592 5.574 6.922 8.041 6.732 6.918 6.699 6.040 5.671 5.198 5.035 5.365 5.123 4.053 4.565 5.058 5.084 5.791 6.289 6.918 6.542 6.141 5.500 6.409 5.164 4.905 5.264 5.935 5.584 5.332 5.658 5.574 6.017 5.358 6.719 6.008 5.834 5.712 5.287 5.204 4.365 5.703 5.401 6.594 6.543 6.952 6.382 6.759 6.934 5.529 4.659
3.219 3.962 5.243 5.595 6.225 5.840 6.561 7.294 6.644 7.014 6.826 6.395 5.770 6.534 6.231 5.918 6.076 6.267 6.583 6.448 6.366 6.871 8.003 6.325 6.818 5.436 6.816 6.621 5.660 5.119 6.816 5.801 5.242 4.886 6.219 4.839 6.108 5.832 6.163 6.054 6.293 5.910 5.006 6.082 6.578 7.099 6.204 7.424 6.558 6.702 6.123 6.802 7.607 7.989 7.763 7.547 7.285 6.424 6.573 5.650 5.909 5.488 4.638 4.471 4.050 4.770 4.627 5.542 5.620 5.827 5.885 5.012 5.101 5.617 5.419 6.079 6.978 5.867 5.122 5.727 5.809 5.368 5.514 5.602 6.329 5.852 5.982 4.993 5.080 5.374 6.371 5.765 6.468 5.964 7.325 6.528 6.273 6.326 5.033 3.726
3.568 4.246 6.039 6.374 6.087 5.872 5.601 7.441 6.589 7.301 6.728 6.591 6.246 6.336 6.704 6.734 5.503 6.213 5.913 5.408 6.751 6.169 7.208 7.140 7.492 6.217 6.774 6.674 6.464 6.404 7.758 6.583 6.774 6.193 7.059 5.684 6.172 6.077 6.450 5.524 6.744 5.353 5.387 6.178 6.865 6.708 5.943 6.270 6.257 6.677 4.914 5.942 6.489 7.726 7.233 7.359 7.661 6.515 6.508 5.445 6.006 6.767 5.726 4.845 4.936 5.075 4.592 4.710 5.684 5.401 5.082 4.935 5.071 4.968 5.717 5.931 5.494 5.571 5.210 6.001 5.341 5.986 5.714 6.635 6.307 5.734 6.079 5.544 5.280 5.066 5.676 6.200 6.603 7.404 7.284 6.120 6.092 6.488 4.772 3.553
3.337 4.421 6.708 6.126 5.290 6.080 6.254 7.154 7.267 7.293 7.612 7.830 6.597 6.537 6.011 7.466 6.499 6.636 7.414 6.614 6.386 6.721 6.300 6.207 6.627 6.667 6.736 7.016 6.980 5.914 7.612 6.767 7.195 7.203 7.460 6.478 7.377 6.097 5.224 5.007 5.483 5.235 5.233 5.882 7.956 6.711 6.125 6.356 6.026 5.890 4.721 5.903 6.295 6.714 6.540 7.506 7.127 6.813 7.025 7.345 7.293 6.562 6.570 5.527 5.889 5.684 5.693 5.606 5.651 5.500 6.001 5.136 5.806 4.922 5.688 5.587 6.286 6.067 5.170 5.428 5.315 5.985 5.610 5.849 5.762 6.339 5.325 5.222 5.161 4.886 6.363 7.237 7.430 7.664 7.976 6.106 6.172 6.582 4.729 3.522
3.690 4.289 6.211 5.497 6.032 5.815 5.699 5.549 5.571 6.921 6.432 7.254 6.335 7.554 7.070 7.464 7.276 7.574 7.374 7.497 6.892 7.521 7.363 6.018 6.191 6.358 6.087 6.148 6.336 6.414 6.724 7.242 7.688 7.381 7.986 6.923 7.253 6.289 5.787 5.327 6.016 6.579 6.263 6.659 7.351 7.085 6.787 6.859 5.796 5.556 5.468 5.405 5.040 5.570 5.808 6.479 6.668 7.024 6.943 6.254 6.024 5.107 6.559 6.360 6.544 6.084 6.421 6.510 6.161 5.464 5.927 5.741 5.582 5.580 6.277 5.726 5.797 5.233 5.235 5.369 5.376 5.340 5.627 6.050 5.933 5.908 5.808 5.792 6.581 6.369 6.405 6.250 7.425 7.907 7.854 7.435 5.603 5.665 4.290 3.000
3.712 4.425 6.905 6.117 6.832 5.639 6.034 6.125 5.739 6.192 6.755 7.219 6.974 8.249 7.815 7.705 6.705 7.374 7.171 7.358 8.030 8.495 8.589 6.725 6.767 6.706 5.758 6.527 6.491 6.523 5.983 7.160 6.969 7.740 8.294 6.997 7.903 5.905 6.072 4.878 5.531 5.380 5.071 5.772 7.160 6.569 6.717 6.126 5.921 5.287 5.372 5.843 5.916 5.681 6.345 6.992 7.321 7.445 7.018 6.658 6.751 5.853 6.748 5.990 6.249 6.346 6.799 6.550 6.718 5.328 5.485 5.582 5.448 4.855 5.668 5.465 6.032 5.753 5.680 5.385 5.019 5.419 5.026 5.969 5.727 5.858 5.547 5.791 6.300 5.412 6.064 5.851 7.071 7.830 7.099 7.350 7.259 6.617 4.933 3.636
3.778 3.855 6.227 5.353 6.413 5.272 6.738 5.762 6.641 6.821 6.375 6.986 7.202 7.821 8.071 8.051 7.457 7.435 7.132 6.807 7.411 7.306 7.250 6.433 5.966 6.814 5.039 5.591 5.319 6.322 5.481 6.149 6.583 6.657 7.416 6.826 7.121 6.284 6.265 5.475 5.621 5.319 6.083 6.046 7.105 6.444 6.530 6.391 6.300 5.437 5.954 5.786 5.882 4.954 6.526 6.370 5.780 6.843 7.551 6.611 5.953 5.091 6.045 6.074 6.801 6.731 6.812 6.002 6.600 4.817 5.154 5.241 4.731 4.524 5.515 5.138 6.109 5.671 5.469 5.412 4.584 4.950 4.742 6.169 5.223 7.153 5.883 6.416 6.728 7.289 6.891 6.462 7.097 7.841 6.549 7.117 7.609 7.636 4.835 4.043
2.855 3.581 4.531 5.206 6.290 4.735 6.192 4.938 6.385 6.335 6.623 6.719 6.717 7.079 7.819 8.049 7.492 7.781 5.973 6.007 6.210 7.070 7.326 5.927 5.271 5.990 4.479 5.176 5.634 6.960 5.795 5.855 6.760 6.453 6.401 6.071 6.598 5.991 6.383 4.681 5.606 4.976 5.690 5.880 6.349 6.749 7.139 7.663 7.257 6.033 6.331 6.618 6.325 5.564 6.729 6.749 6.885 6.166 6.854 5.460 5.478 5.395 5.970 5.795 6.043 5.420 6.118 5.789 6.500 5.092 6.101 5.640 5.898 4.935 6.284 5.103 5.414 5.354 6.116 4.872 5.627 5.817 4.961 5.940 5.884 7.242 6.709 6.886 6.660 7.221 6.462 5.781 7.111 7.482 6.012 7.188 7.865 6.975 5.180 4.866
2.885 3.300 4.409 5.031 6.455 5.096 5.912 5.401 6.749 6.210 6.845 6.980 7.139 7.204 6.656 6.527 5.846 6.669 6.299 6.241 6.535 6.962 6.821 6.097 5.593 6.429 5.271 5.456 4.695 5.259 4.676 5.810 5.926 7.174 6.130 6.344 6.796 6.268 6.176 4.935 5.778 5.503 5.765 5.715 7.290 7.458 7.180 7.502 7.195 6.234 7.142 7.586 6.718 5.966 6.385 6.412 6.052 5.491 6.011 5.900 5.933 5.272 5.872 5.249 5.994 5.764 5.858 5.170 6.812 5.161 6.665 6.114 6.614 6.038 5.905 5.788 6.263 5.795 6.154 5.614 5.738 5.045 5.468 5.735 5.969 7.626 7.206 7.930 7.375 7.561 7.414 5.961 6.766 6.994 6.618 5.782 7.570 6.987 5.232 4.621
4.030 4.709 5.242 4.641 6.087 5.338 5.363 6.200 6.878 5.969 6.549 7.057 7.426 7.291 6.684 6.620 6.057 6.001 6.285 6.331 5.866 6.191 6.437 6.239 5.008 5.997 5.477 5.257 4.838 6.255 4.725 5.257 5.548 6.891 6.343 6.787 6.991 7.234 6.253 5.513 5.793 5.057 6.173 5.136 5.958 6.442 6.799 6.353 7.039 6.804 6.838 7.339 6.710 5.915 6.581 6.426 6.600 6.075 6.303 5.865 5.216 5.216 6.632 6.156 5.968 6.154 5.889 4.729 6.327 6.211 6.913 7.159 7.106 6.358 6.326 6.259 5.327 6.153 5.944 5.699 5.871 5.535 5.527 5.801 5.851 7.337 8.032 8.560 6.961 8.000 7.309 6.493 6.641 7.465 6.105 5.946 7.900 7.080 4.750 4.469
3.354 4.330 5.371 4.429 5.130 4.976 4.650 5.186 6.574 6.677 6.866 7.081 6.381 6.917 6.165 5.952 5.336 5.885 5.658 6.213 6.396 6.509 6.682 6.189 5.464 5.728 4.903 5.661 4.461 5.841 5.013 5.649 6.106 6.367 6.330 6.471 6.736 7.592 7.006 6.319 6.567 5.766 6.439 5.640 6.082 5.581 5.783 4.980 5.108 5.780 5.485 6.264 6.235 6.970 7.598 5.647 5.840 6.058 5.341 4.748 5.440 5.479 5.066 5.285 6.509 5.709 6.533 5.441 6.425 6.285 8.132 7.102 7.465 7.226 6.785 5.683 5.207 6.475 6.559 6.009 6.296 5.883 5.680 5.578 5.452 7.028 6.465 7.635 6.501 7.736 7.737 6.159 6.413 7.174 6.795 6.627 6.741 7.555 5.302 4.474
3.956 4.992 6.901 5.257 4.544 4.516 3.621 4.395 5.490 5.655 6.144 6.713 6.920 6.318 5.444 5.954 5.050 5.393 5.574 6.288 6.006 6.031 6.229 5.784 6.059 5.298 4.807 5.011 4.403 5.534 4.983 6.306 6.427 7.403 6.386 7.041 6.916 7.353 7.153 6.958 6.693 6.819 6.358 5.565 5.516 4.725 5.200 4.777 5.091 5.670 6.304 6.497 6.707 6.402 6.303 5.766 5.729 6.107 5.537 5.784 6.243 6.792 5.823 5.844 7.353 6.593 6.634 6.528 6.967 6.688 7.886 7.379 7.633 6.451 6.651 6.512 5.775 6.296 6.014 5.229 5.604 5.046 5.683 5.834 5.373 6.764 6.167 7.376 6.286 6.888 6.223 6.254 5.701 7.084 6.814 6.512 7.264 7.662 5.932 3.792
4.493 5.357 6.812 5.999 4.849 4.919 5.131 4.350 5.018 5.114 5.605 6.194 5.931 5.408 5.454 5.746 5.294 5.621 4.831 6.232 5.474 5.010 4.977 5.330 6.035 5.240 5.174 5.868 4.919 5.238 4.487 5.286 6.115 7.199 6.788 7.451 7.333 7.464 6.472 6.742 6.797 6.819 5.988 5.431 5.400 4.806 4.361 4.112 4.269 4.532 6.004 6.255 4.932 5.913 7.593 5.958 5.292 6.229 5.423 5.698 5.702 7.406 6.257 6.588 7.108 6.973 6.418 7.183 6.935 6.931 7.091 6.369 6.728 5.821 6.353 6.425 5.721 5.859 5.760 5.839 4.440 5.501 4.692 4.597 4.889 5.720 6.000 7.035 5.390 7.406 6.410 6.583 5.845 5.658 5.421 6.794 7.008 6.830 6.557 4.680
4.145 5.550 7.850 7.626 6.922 6.068 5.637 5.480 5.277 6.044 5.420 5.149 5.684 5.516 5.577 5.897 5.824 6.144 5.903 6.088 5.148 5.280 5.188 4.667 5.211 4.628 4.808 5.310 4.782 5.784 5.569 6.116 6.398 6.150 6.320 6.686 7.076 7.133 7.200 7.452 6.711 6.076 6.534 6.151 5.250 4.045 4.203 4.315 4.656 4.727 5.998 6.378 6.069 5.976 6.251 5.912 4.922 6.093 6.020 5.519 6.611 7.791 6.349 7.856 7.528 7.303 6.975 7.368 7.116 5.774 6.439 5.863 5.501 4.663 5.478 5.621 5.005 5.533 5.201 5.237 4.087 4.076 4.484 4.445 3.947 4.930 5.156 5.647 4.840 6.343 6.145 5.298 4.909 5.654 5.033 5.570 5.787 6.989 5.960 4.907
4.449 5.230 7.415 6.877 6.785 6.090 6.812 6.555 5.985 6.011 7.027 6.253 5.891 5.896 5.244 5.952 6.031 6.090 6.117 6.904 5.948 5.460 5.602 4.688 6.181 5.469 5.513 5.828 5.807 5.794 5.620 6.117 5.564 6.409 5.266 5.935 5.641 5.385 6.023 6.383 6.443 6.100 5.950 6.294 6.065 4.685 5.274 4.632 4.346 4.093 5.105 6.092 5.414 5.436 5.777 6.181 5.848 6.506 6.330 6.270 6.303 7.747 6.146 7.468 7.625 7.137 7.103 6.942 6.748 5.848 6.020 5.108 5.194 4.724 5.254 5.921 5.021 4.517 5.171 4.458 4.724 4.685 5.363 5.510 4.636 4.786 5.283 6.037 5.912 6.906 6.145 7.169 6.113 6.457 5.488 6.178 6.632 6.812 5.614 5.182
3.787 4.849 6.489 6.824 7.089 6.214 7.277 6.375 6.430 6.888 7.683 6.615 6.522 6.758 6.388 6.608 6.959 6.667 6.849 7.159 4.971 5.286 4.680 5.216 5.094 5.920 5.762 5.148 6.168 5.918 5.903 6.061 5.884 6.668 5.101 5.861 4.739 4.229 5.217 6.167 6.491 6.174 6.022 6.242 6.889 5.501 5.275 6.034 5.949 5.155 5.481 6.152 5.670 6.211 7.317 6.863 5.939 6.750 6.006 5.397 5.373 6.572 6.009 6.693 7.600 7.753 6.582 8.006 6.664 6.387 5.155 4.889 4.981 5.644 4.755 5.179 5.773 4.225 4.852 5.025 3.839 3.792 4.244 4.659 4.996 4.477 5.425 5.913 6.171 7.231 6.740 7.048 5.949 6.312 5.231 5.650 6.147 6.116 4.730 4.184
3.224 4.294 6.158 5.403 6.189 5.268 6.321 6.976 6.770 6.807 7.831 7.032 6.376 7.191 6.429 6.531 7.091 6.816 6.002 7.428 5.854 6.734 5.524 5.773 5.845 6.554 6.026 6.263 5.361 6.319 5.585 5.798 5.710 5.860 5.509 5.335 5.225 4.456 5.018 5.448 5.271 5.880 6.686 5.794 6.764 6.594 6.967 6.472 6.301 5.275 4.758 4.995 6.171 6.052 6.486 7.459 6.395 6.093 5.987 5.147 5.765 5.817 5.468 6.509 6.780 7.194 7.250 7.675 7.163 6.307 6.181 5.542 5.149 5.030 5.220 5.322 5.864 5.172 5.154 4.922 4.664 4.728 4.816 5.294 4.921 4.689 4.405 4.964 6.078 6.430 7.071 7.444 6.164 6.783 6.262 5.597 5.750 6.051 4.583 3.859
4.017 4.070 5.998 4.407 5.035 4.866 5.654 5.431 6.675 6.646 7.188 7.744 6.771 7.271 7.290 6.848 6.727 7.487 6.356 7.765 6.208 6.082 6.407 6.852 6.004 6.725 5.739 5.921 5.316 5.407 5.186 5.078 4.474 5.776 5.125 6.079 5.523 5.258 5.335 5.926 5.112 5.632 6.023 5.869 6.450 5.644 6.859 7.091 6.771 6.353 6.214 5.496 5.091 5.794 7.015 7.313 7.142 5.992 4.876 5.348 3.998 4.641 5.263 5.183 6.176 7.086 7.615 6.908 7.876 7.479 7.734 5.362 6.084 5.765 5.226 5.937 6.170 4.854 4.899 5.154 5.176 5.121 5.470 5.974 5.631 5.606 5.122 4.889 5.517 5.501 6.327 7.033 6.439 6.115 6.120 5.877 5.269 5.920 4.571 3.086
3.921 4.790 5.944 5.968 4.978 4.082 5.488 4.940 5.983 6.357 6.938 6.948 7.439 7.159 6.475 6.708 6.924 6.828 5.936 6.167 6.405 7.179 6.633 7.731 6.444 7.227 6.784 6.246 5.004 4.731 5.479 5.100 5.049 5.447 5.413 5.961 5.712 5.204 5.394 5.398 4.662 4.679 4.754 4.777 5.641 5.895 6.737 6.469 7.028 5.929 6.346 5.476 5.455 6.385 5.897 6.669 5.770 6.627 4.919 5.934 5.048 5.524 6.188 5.715 5.856 6.754 7.427 6.568 7.304 7.553 7.065 6.453 6.861 7.232 6.108 6.149 6.599 6.038 5.955 5.261 5.025 5.199 6.015 6.690 6.296 6.423 6.033 5.691 5.902 5.182 5.679 5.860 5.377 5.806 6.770 5.630 5.413 6.244 4.937 3.552
3.866 5.047 6.474 6.052 5.116 5.031 5.018 4.016 5.563 5.810 6.770 6.530 6.848 7.868 7.172 6.654 7.030 6.059 6.203 6.386 6.424 6.936 6.081 7.769 7.008 7.199 6.198 6.409 5.085 4.911 5.632 5.063 5.156 4.692 5.641 4.622 6.349 5.674 5.734 5.935 4.696 4.134 4.922 4.697 5.004 5.195 6.094 5.203 5.756 6.214 7.332 6.546 6.668 6.042 6.158 6.968 5.917 6.402 6.624 6.328 5.759 4.798 5.659 5.715 5.249 6.019 7.160 5.607 5.780 6.896 6.505 6.150 6.087 7.088 5.710 6.270 6.854 6.394 5.407 5.850 5.432 5.418 6.591 6.390 6.723 6.678 6.289 5.480 5.178 5.216 5.895 6.117 5.668 5.003 5.232 4.616 4.841 5.634 5.462 3.525
3.371 4.527 6.490 6.069 6.494 5.913 5.113 4.085 4.990 4.951 5.801 5.687 6.458 6.697 6.586 5.955 5.615 5.416 5.506 5.182 4.590 5.688 5.989 7.252 7.040 6.676 6.348 6.373 5.139 4.021 5.260 4.873 5.655 5.242 6.331 5.833 5.571 6.066 5.960 5.673 5.857 6.086 5.784 4.845 5.060 5.186 5.730 5.473 5.340 4.892 6.401 5.973 6.063 7.008 7.602 6.650 6.681 6.331 6.473 7.001 6.593 6.541 6.451 6.555 6.147 5.601 6.710 6.223 5.311 6.055 5.700 4.931 6.128 7.256 6.185 6.018 6.936 5.883 5.402 6.485 5.935 5.879 6.568 7.254 7.264 7.681 6.523 5.882 5.757 4.955 4.725 5.064 5.132 4.744 5.137 5.029 4.929 5.522 4.958 3.837
3.691 4.554 6.079 5.843 5.502 5.184 5.825 5.070 5.064 5.223 6.742 5.776 6.305 6.198 6.343 6.511 5.988 5.312 5.311 4.717 5.131 5.221 5.766 6.129 7.196 6.824 6.116 6.181 5.478 4.042 5.879 5.392 6.211 5.114 6.600 4.984 5.243 4.949 5.771 5.243 6.230 6.511 5.636 5.053 4.245 5.005 5.270 5.642 5.733 4.924 6.887 7.077 6.882 7.067 6.789 8.019 7.215 7.471 7.395 8.276 6.507 6.181 5.738 6.371 5.485 5.316 5.463 5.173 4.812 5.240 5.183 5.435 5.217 5.831 5.603 5.235 6.314 6.525 5.271 5.838 5.865 5.340 6.091 6.478 6.856 6.596 6.901 6.232 5.817 5.385 5.176 5.425 5.343 5.047 6.239 5.515 5.541 6.318 5.209 3.820
3.739 4.409 6.390 4.867 5.743 5.788 5.565 5.886 5.479 5.718 6.571 6.296 6.784 6.650 6.516 6.970 6.970 6.056 5.873 5.565 5.440 4.369 6.177 6.245 6.344 7.092 6.421 6.417 6.418 4.312 6.055 5.191 6.632 5.200 6.428 4.529 5.328 4.163 6.654 5.648 5.947 6.023 6.512 5.588 5.764 4.793 4.908 5.008 5.129 5.352 6.257 6.469 6.092 6.763 7.639 8.113 7.396 7.479 6.902 7.368 5.583 6.149 5.655 5.455 4.762 5.221 5.304 5.868 5.159 5.469 5.328 5.246 4.747 5.706 5.531 6.142 6.302 6.437 6.294 5.785 5.718 5.722 6.817 6.346 6.721 6.698 6.437 5.448 5.760 6.952 6.320 5.905 6.150 5.543 5.160 5.079 5.486 6.397 5.074 3.520
3.795 4.835 6.682 5.397 5.962 5.725 5.107 5.559 5.761 5.965 5.972 6.381 6.683 6.008 5.396 6.220 6.164 6.201 6.235 6.823 5.935 5.317 6.175 6.522 6.501 6.596 6.531 5.715 6.329 5.181 6.907 6.660 7.396 6.378 7.591 5.346 6.036 4.618 6.213 5.662 5.909 6.754 6.549 4.840 4.759 4.756 4.881 5.504 5.642 5.121 6.133 7.008 6.310 7.893 7.030 7.003 6.429 6.973 6.486 7.390 6.599 5.998 4.239 4.240 4.151 4.298 4.346 5.344 5.309 5.801 4.984 5.007 5.002 6.045 6.399 6.336 7.250 7.608 6.755 6.526 6.314 6.150 6.449 6.616 5.624 5.927 6.530 5.149 5.790 6.353 6.759 6.850 7.168 6.653 6.210 5.859 4.823 5.843 4.544 3.102
3.602 4.191 5.583 5.944 6.196 5.697 5.989 6.192 6.197 5.328 4.796 6.267 5.983 5.935 5.373 5.251 5.473 6.251 6.245 6.881 7.606 6.417 5.710 6.316 5.828 6.079 6.157 5.589 7.036 5.667 5.849 5.911 6.606 6.085 7.502 5.765 6.738 4.760 6.308 6.487 6.474 6.418 5.730 4.498 4.773 4.595 4.772 5.019 5.424 5.518 5.407 6.155 5.486 6.061 5.805 6.597 6.393 6.871 6.459 7.269 6.049 5.861 5.118 5.785 4.474 4.993 4.491 6.033 5.560 6.444 5.123 5.653 4.984 6.160 6.642 6.866 7.497 7.548 7.139 6.876 6.618 7.006 6.329 6.252 6.228 5.511 6.460 5.582 5.523 6.447 6.455 5.944 6.482 6.124 5.902 5.495 4.621 5.986 4.815 3.568
3.167 4.149 6.159 5.417 6.307 5.400 5.705 5.325 4.955 5.020 5.283 5.936 6.200 6.260 6.160 6.117 6.013 6.931 5.988 7.506 7.348 6.535 6.091 6.328 6.590 6.014 6.973 6.181 6.548 5.721 5.890 6.421 7.073 6.467 7.705 6.898 7.511 5.758 6.295 5.289 5.772 5.038 6.481 5.251 5.362 4.990 4.252 4.996 5.065 5.073 4.419 6.133 5.439 6.044 6.243 6.029 5.681 6.741 5.773 7.109 6.862 6.973 6.284 5.783 4.222 5.209 5.509 6.426 5.003 6.657 6.236 5.860 4.742 5.461 5.721 6.497 6.508 6.361 6.643 6.076 5.775 6.299 6.611 5.781 5.755 5.267 5.037 5.944 5.725 5.996 6.006 5.107 6.091 5.638 5.834 5.596 5.410 6.413 5.367 3.977
3.533 3.842 5.501 4.445 6.417 5.667 5.853 4.482 4.758 5.123 5.598 5.012 5.925 6.244 5.499 5.951 5.134 6.344 5.658 6.740 7.311 6.790 6.377 6.399 6.835 5.266 6.288 6.666 6.659 6.637 7.062 7.106 6.356 6.229 7.344 7.231 7.197 6.835 6.851 5.006 5.772 5.467 6.234 6.386 6.052 6.189 5.585 5.136 5.608 5.772 5.574 5.699 5.199 5.983 5.849 6.752 5.984 7.422 6.986 7.268 7.512 7.910 6.761 7.107 5.869 6.447 5.231 5.674 5.629 5.827 5.302 5.519 4.868 5.669 6.306 6.286 6.720 6.354 6.134 5.406 5.635 5.761 6.291 6.239 4.885 4.771 5.815 5.512 5.722 6.468 6.924 5.317 6.080 5.776 5.613 5.847 5.467 5.516 5.032 3.923
2.617 3.255 5.002 4.836 6.329 4.922 5.386 5.700 5.845 4.861 5.897 5.482 5.331 6.224 5.157 5.558 6.005 6.699 6.449 6.065 6.486 6.446 5.133 5.846 5.423 6.054 5.830 6.877 6.699 6.024 6.319 6.059 5.694 5.660 6.123 7.030 6.329 6.078 6.894 4.689 5.841 6.449 6.339 6.450 7.607 7.346 6.364 6.176 6.039 5.297 4.663 4.935 5.145 5.649 6.490 6.742 7.016 7.825 6.562 7.557 7.638 7.988 7.837 7.991 6.493 6.193 6.005 6.331 5.598 6.082 5.418 5.774 6.083 5.238 6.372 5.416 6.027 5.977 6.836 6.338 6.558 5.942 5.875 5.677 4.962 5.553 5.764 5.362 5.739 6.746 6.391 5.419 5.699 5.645 6.005 6.093 6.526 6.075 5.444 3.396
2.683 3.347 4.262 3.470 5.096 5.424 5.912 5.589 5.847 5.805 6.619 6.280 7.177 7.101 6.582 6.420 5.379 6.055 5.530 6.090 5.899 6.454 5.643 6.239 5.935 5.920 5.474 6.119 6.336 5.740 6.481 5.712 5.708 5.613 4.906 5.843 4.989 5.479 6.228 5.538 6.447 7.538 7.888 7.066 8.224 7.275 6.894 6.612 5.901 6.042 6.136 6.570 6.488 6.809 6.620 6.648 7.034 7.877 7.316 7.529 7.233 6.814 7.371 7.179 6.993 6.516 6.525 5.734 5.824 5.000 5.046 5.075 5.694 5.087 5.456 6.364 6.478 5.783 6.858 6.246 6.822 6.816 6.299 6.469 5.977 6.053 6.069 6.109 6.673 7.138 7.105 6.191 6.537 6.661 6.232 5.801 6.607 6.221 5.702 4.620
2.690 3.202 4.245 3.549 5.068 5.005 5.036 5.146 6.098 6.039 6.282 5.810 6.647 7.045 6.427 5.684 6.047 6.304 6.071 6.753 6.064 6.982 5.316 6.063 5.633 5.719 5.929 6.758 6.685 6.316 5.810 6.096 5.275 5.230 5.175 5.764 5.176 5.384 6.268 5.993 6.077 7.180 7.829 6.569 7.619 7.242 5.868 5.605 6.329 5.973 5.648 6.234 5.778 7.053 7.680 7.914 7.914 7.381 6.992 6.690 5.686 5.787 6.814 7.155 7.000 7.093 6.805 5.194 5.448 4.558 5.266 5.772 6.441 6.227 6.548 6.547 6.695 5.617 6.522 6.726 6.882 5.754 6.952 6.502 5.400 6.020 6.693 6.770 5.930 7.312 7.463 6.894 7.094 6.769 6.580 6.031 6.927 6.784 5.937 4.665
3.229 4.011 5.331 4.437 5.098 5.557 6.184 5.836 6.648 6.245 6.618 5.593 6.227 7.303 6.929 6.055 6.616 5.841 4.680 5.793 5.700 5.367 5.022 5.946 5.556 5.813 6.356 6.074 5.054 5.142 5.829 5.378 5.168 5.692 5.995 5.369 4.834 5.499 6.379 5.220 5.687 6.694 7.026 5.802 6.329 6.535 5.978 5.872 6.262 5.915 5.966 7.093 6.067 7.496 7.851 7.633 7.753 8.191 6.886 6.754 6.204 6.433 6.748 6.518 6.799 6.597 6.563 6.360 6.028 5.121 4.310 5.124 6.578 5.802 6.428 6.929 7.602 6.053 7.226 6.917 6.689 5.791 7.473 7.464 6.198 6.676 6.945 6.472 5.877 6.994 7.821 7.191 6.987 6.964 7.100 7.227 7.427 6.617 5.450 4.464
3.494 3.812 5.391 5.586 4.173 5.150 5.685 5.087 5.812 6.615 7.079 6.595 7.176 6.717 6.171 5.955 6.385 6.376 5.875 6.743 5.946 6.096 6.356 5.718 5.177 6.156 5.611 5.410 5.047 6.112 5.535 5.171 5.499 5.745 5.735 5.338 4.830 5.205 5.711 5.731 6.275 5.977 6.509 5.291 5.955 6.135 6.165 6.145 6.020 5.814 5.437 5.444 5.428 5.761 7.020 7.168 7.248 7.320 6.571 6.205 5.814 5.725 6.577 7.346 7.039 6.322 6.939 5.245 5.495 5.341 5.045 5.293 6.759 6.859 6.783 6.773 6.970 5.785 6.024 5.960 6.394 5.591 7.444 7.141 6.809 6.639 6.779 6.949 6.229 6.519 6.364 7.054 6.532 7.271 6.601 7.114 6.411 6.130 5.215 3.722
4.088 4.246 5.353 6.087 4.925 4.829 5.856 6.623 6.366 6.693 6.136 5.971 6.004 6.014 6.003 5.689 5.829 5.842 5.014 5.275 5.287 5.116 4.870 5.054 4.494 5.932 6.315 6.839 6.009 6.350 5.643 5.720 6.328 5.941 6.009 5.727 4.838 5.054 5.094 5.308 5.894 5.395 6.105 5.507 6.074 6.360 6.427 6.365 6.746 6.025 5.689 5.181 5.424 5.900 6.284 7.222 7.301 7.056 6.826 6.057 5.978 6.294 6.772 7.036 6.191 6.113 5.780 5.007 5.244 5.957 5.546 5.510 6.303 6.531 6.283 6.392 7.237 5.862 5.302 6.023 5.921 5.008 7.038 7.300 7.264 6.688 6.780 7.197 5.681 5.973 6.340 7.593 6.543 6.785 6.665 6.855 6.991 5.947 4.980 3.933
4.562 4.485 5.813 6.584 5.783 4.626 4.867 6.361 6.004 6.330 6.717 6.808 6.591 5.744 4.795 4.577 5.149 5.311 5.474 4.860 4.504 5.340 4.871 5.476 4.955 5.401 5.590 5.919 6.380 6.929 7.206 7.063 6.394 6.203 6.541 5.932 5.515 5.026 6.234 5.267 6.285 5.417 5.793 6.203 6.051 6.887 6.634 6.253 6.252 6.173 5.156 4.909 5.055 5.803 6.092 7.182 7.488 7.373 7.304 7.622 6.807 6.029 6.465 5.801 6.051 5.998 6.743 6.507 5.380 5.625 5.118 5.766 5.693 7.390 7.528 6.599 6.690 5.976 5.228 4.928 5.786 4.899 6.857 6.885 7.137 7.046 6.510 7.534 5.783 6.078 5.942 6.359 5.341 6.129 6.443 7.626 6.321 5.997 5.079 4.088
3.732 3.697 5.113 5.770 5.784 4.944 5.544 5.423 5.835 6.241 6.193 5.957 6.415 4.729 5.496 4.875 5.083 4.859 5.034 5.602 4.769 6.138 5.896 6.280 5.726 5.782 5.719 6.399 6.896 7.213 7.102 7.265 7.523 7.045 6.587 6.103 5.423 5.728 6.498 5.840 6.615 6.662 7.218 6.640 6.642 7.626 6.867 7.248 5.827 6.087 5.016 5.264 5.779 5.639 5.790 6.460 6.029 6.190 7.060 7.357 6.331 6.494 6.943 5.652 5.611 5.738 5.829 5.275 5.217 6.328 6.214 6.857 5.504 6.851 7.057 6.157 6.729 6.459 5.367 4.446 5.430 5.338 6.087 6.671 7.219 7.112 6.157 6.189 6.233 5.401 5.350 6.105 5.092 5.556 5.423 6.084 6.937 6.898 5.472 5.130
3.125 4.323 5.980 6.070 7.111 5.303 6.100 5.715 5.699 5.847 5.798 5.955 6.251 6.119 5.539 5.426 4.825 5.220 6.000 5.580 5.443 5.874 6.832 7.032 7.096 7.389 7.106 6.409 6.628 6.710 6.562 7.344 7.631 6.726 5.591 6.251 5.837 5.854 6.345 6.621 7.102 6.303 6.848 6.684 6.896 7.168 6.990 6.812 6.442 5.895 4.848 4.970 5.661 5.462 5.662 6.483 7.244 6.846 7.572 7.225 6.954 6.089 5.901 5.587 4.800 5.670 6.203 6.184 5.895 5.202 5.733 6.204 5.635 6.639 8.252 7.369 7.378 7.411 6.073 5.097 5.954 5.708 5.339 5.578 6.532 5.746 6.038 6.449 5.928 5.699 4.822 5.262 4.841 4.932 5.104 5.491 6.315 6.755 5.337 4.448
3.142 3.842 5.883 5.404 7.403 6.989 7.173 6.854 7.175 6.739 6.724 5.907 6.111 6.049 5.747 5.764 5.670 5.642 5.842 4.972 5.097 5.718 6.490 7.025 7.384 7.886 7.115 6.922 6.679 6.451 6.465 7.276 6.814 6.024 6.475 6.826 6.454 5.532 6.235 6.506 6.376 6.512 7.326 7.477 6.819 7.063 6.698 5.919 6.140 6.419 5.119 5.540 6.103 5.554 5.082 5.803 6.376 5.703 6.473 7.493 6.229 6.808 6.500 6.295 5.459 5.573 5.645 5.201 4.711 4.732 5.429 6.347 6.116 6.871 7.543 6.904 6.739 7.654 7.144 5.738 6.252 5.979 6.070 6.264 6.740 6.674 5.673 6.175 5.904 6.716 5.002 5.171 4.541 3.965 5.204 5.387 6.145 6.826 5.382 4.390
2.673 3.576 5.495 6.445 7.602 6.573 7.364 6.597 7.404 6.896 6.277 6.055 6.211 6.518 6.281 5.382 5.398 6.106 5.560 6.349 5.603 5.858 5.879 7.275 6.932 7.920 7.568 8.039 7.174 6.512 5.807 5.859 6.209 6.079 5.704 6.289 5.969 5.722 6.874 7.167 6.426 6.562 6.996 5.711 5.272 6.000 5.426 5.860 5.715 5.946 6.130 5.209 6.082 5.821 4.703 5.550 5.633 5.966 6.267 7.857 5.818 6.321 5.949 6.149 5.123 5.149 5.727 5.556 5.604 5.214 5.955 6.798 6.334 6.855 7.337 6.979 7.300 6.817 7.318 6.220 6.373 6.736 5.833 5.943 5.796 6.183 5.719 5.892 6.444 6.985 5.394 5.080 4.546 4.232 4.478 5.008 5.666 5.970 5.305 4.641
2.920 4.490 6.026 5.945 6.767 6.616 8.192 7.097 8.278 6.760 7.444 6.127 6.186 6.245 6.184 6.336 5.801 6.811 6.528 5.630 6.029 6.400 6.845 7.486 8.234 7.821 8.112 7.860 7.422 5.999 5.725 5.652 6.017 5.347 5.490 5.678 7.060 6.560 6.145 7.201 6.629 5.857 6.088 5.885 5.392 5.518 5.657 5.602 5.848 5.937 5.909 5.828 6.288 6.473 5.953 6.260 6.446 5.779 5.669 6.560 5.405 5.861 5.661 6.710 5.223 6.099 5.471 5.890 6.173 5.576 7.073 6.889 7.427 6.686 7.229 6.921 6.763 6.221 6.748 6.826 6.785 6.799 7.266 6.439 7.292 6.484 5.910 6.021 6.260 5.438 5.156 5.232 4.598 3.823 4.111 4.320 6.074 5.980 5.844 4.547
3.504 4.900 6.125 5.930 6.413 6.538 6.979 6.036 6.924 6.349 6.640 6.193 6.611 6.703 6.492 6.842 6.621 6.141 6.270 6.073 7.139 6.464 6.485 7.127 7.707 7.074 7.690 7.045 6.977 6.118 6.045 5.405 5.197 4.367 5.619 6.807 7.292 6.834 7.459 7.945 7.321 5.811 5.819 5.773 4.441 4.408 4.525 4.548 5.349 5.081 5.486 6.176 5.935 5.489 6.249 5.683 5.943 6.180 6.055 7.558 6.621 6.759 5.779 5.863 4.654 5.311 5.252 6.441 6.515 6.884 7.752 7.342 7.058 6.634 6.880 6.455 6.587 5.860 6.504 6.461 6.804 6.431 7.960 8.538 7.413 6.922 6.781 5.363 6.185 6.201 4.893 5.102 4.736 3.973 3.770 4.646 5.944 4.905 4.115 4.780
3.507 4.969 6.394 7.032 7.322 6.910 6.017 4.999 6.388 5.730 6.100 6.438 6.148 6.669 6.946 5.919 6.031 6.055 6.594 6.296 6.893 7.590 7.109 7.260 7.727 6.568 7.035 6.932 7.447 6.518 5.446 5.288 5.537 5.390 6.579 6.335 7.184 7.573 7.462 7.382 7.625 5.882 5.654 5.633 3.708 4.081 4.646 5.245 4.630 4.736 4.937 5.877 6.323 5.642 6.378 6.315 5.938 6.571 6.315 6.603 6.845 7.395 5.856 6.223 5.424 6.489 5.566 6.160 6.259 6.438 7.488 6.873 6.758 7.095 6.979 6.349 6.655 5.571 6.016 6.165 5.863 5.913 6.805 7.560 7.847 6.725 6.542 5.810 5.499 5.066 4.455 5.322 5.195 4.610 4.046 4.879 5.606 5.369 5.056 4.471
4.001 5.066 6.908 8.233 6.863 6.831 6.685 6.070 6.359 5.593 5.412 6.228 7.215 6.710 6.438 6.713 6.161 6.544 5.765 6.480 7.745 7.915 7.368 6.333 6.669 5.749 6.227 6.275 5.942 5.800 6.477 4.930 5.901 4.932 6.271 6.494 7.869 7.244 7.901 6.791 7.058 5.737 5.502 4.924 4.050 4.224 4.354 5.148 4.837 4.581 4.629 5.417 6.124 5.328 5.717 6.030 5.792 4.911 6.080 6.318 7.060 7.452 6.381 6.262 5.069 5.926 5.439 6.341 6.427 6.600 7.275 6.672 6.701 5.960 6.398 6.217 5.944 5.678 5.735 5.648 5.056 4.932 6.401 6.870 8.128 7.149 7.242 5.801 6.097 5.066 4.826 5.135 5.495 4.713 4.919 5.422 6.418 5.218 4.337 3.852
4.043 5.172 7.164 7.118 6.696 7.180 6.647 5.635 5.102 5.199 6.012 6.213 6.977 7.742 7.968 7.642 7.336 6.694 6.579 6.059 7.904 7.030 7.029 7.329 7.284 5.920 6.469 4.956 6.322 5.941 6.633 5.440 5.352 5.502 5.733 6.398 7.220 7.174 7.529 6.898 6.620 5.052 5.601 5.315 4.186 3.860 4.064 4.615 4.777 5.309 5.346 6.123 5.486 4.799 5.221 5.918 6.191 5.974 6.497 6.573 6.610 7.096 6.833 5.807 5.951 6.698 5.317 6.286 5.252 5.635 6.468 6.011 5.546 6.295 5.697 6.290 5.567 5.417 5.797 5.757 5.399 5.917 6.193 7.055 7.807 7.123 7.100 6.373 6.689 4.968 5.069 4.662 6.411 5.029 5.268 5.980 6.478 5.472 4.906 3.816
3.909 5.046 6.610 7.066 7.774 7.038 6.292 5.987 6.482 6.610 6.019 6.519 6.949 7.396 7.121 7.385 7.086 7.653 6.667 6.305 7.201 7.441 6.794 6.634 6.052 4.430 5.369 5.321 5.318 5.199 4.973 5.101 5.834 5.440 5.612 5.674 6.096 6.453 6.891 7.257 6.788 6.149 5.973 5.743 5.112 5.466 5.595 5.456 4.984 5.825 5.271 6.099 6.633 5.832 4.981 5.469 5.527 5.927 6.719 5.675 5.991 6.032 5.566 5.873 6.314 6.590 5.747 5.711 5.751 5.549 5.064 5.489 5.319 6.933 6.552 6.861 6.096 5.652 5.502 6.133 4.946 5.357 6.446 6.364 7.256 7.635 6.967 6.619 6.479 5.493 5.755 5.531 5.416 6.006 5.456 5.579 7.088 5.444 4.486 3.618
3.742 5.009 6.616 6.874 6.225 6.416 6.947 6.962 6.907 6.218 6.867 6.498 7.204 7.020 7.250 7.863 6.903 7.836 7.278 6.360 6.260 6.405 5.149 5.824 5.763 5.419 5.411 5.559 4.585 5.505 5.585 4.757 4.969 5.034 4.483 5.145 5.397 6.422 6.367 6.992 6.129 6.116 6.392 6.492 6.318 6.725 6.766 6.364 5.706 5.839 5.544 7.095 6.005 6.230 5.839 5.987 6.301 5.912 6.746 6.291 6.735 5.537 5.516 5.734 6.723 6.535 6.188 6.770 5.706 4.668 4.197 4.935 4.949 5.508 6.010 7.007 7.471 6.778 5.451 5.886 5.039 5.323 6.028 6.256 6.415 6.412 7.491 6.380 6.614 6.093 6.461 6.484 5.728 6.475 5.968 5.462 6.054 5.649 4.701 4.159
3.751 4.789 6.463 6.619 6.807 6.262 6.639 6.771 5.759 6.694 7.059 7.135 7.014 7.194 7.161 7.061 6.395 7.643 6.507 6.053 5.977 6.008 4.619 5.354 5.473 4.304 4.175 4.764 4.418 5.400 5.248 5.405 4.249 5.733 4.867 5.720 5.917 6.405 6.327 6.487 6.858 5.765 5.788 6.277 5.956 5.934 6.657 6.361 6.309 6.667 5.853 6.666 6.101 6.158 7.063 6.197 6.020 6.814 7.371 6.025 5.591 4.944 5.231 4.832 6.978 6.310 6.286 7.008 6.678 5.553 4.894 4.768 4.135 5.317 5.306 6.458 6.577 6.793 5.792 6.694 5.664 4.871 5.321 6.052 5.878 6.151 6.448 6.218 6.546 6.183 7.042 6.621 7.384 7.027 6.676 6.308 6.633 6.586 4.915 3.756
3.776 5.376 5.879 6.207 7.026 7.202 6.852 7.093 7.062 6.943 7.223 5.740 7.009 6.435 6.168 7.039 6.115 7.156 6.845 6.495 5.545 5.887 4.637 4.117 4.511 4.690 4.842 5.184 4.809 5.185 5.953 5.985 6.084 5.791 4.534 5.674 4.602 6.797 6.435 7.426 6.497 6.593 6.175 6.483 6.530 6.698 6.749 6.246 6.044 6.399 6.667 6.949 5.879 6.037 5.714 5.941 5.863 6.252 7.112 5.781 6.620 6.421 4.832 5.254 7.293 6.910 7.395 7.648 8.175 6.956 5.385 5.779 5.272 5.889 5.312 6.216 6.972 7.730 5.956 6.910 6.268 5.861 5.186 5.892 6.329 5.191 5.697 5.937 6.146 5.873 6.555 6.536 5.890 6.783 6.747 5.633 7.060 6.990 5.386 4.434
3.463 4.444 6.035 6.620 6.796 6.826 6.618 6.931 6.507 6.536 7.304 5.893 7.176 7.120 7.079 7.116 6.205 6.185 5.706 6.324 4.763 5.538 5.388 5.074 5.192 5.605 5.170 4.970 5.282 5.086 5.760 6.442 5.979 6.080 4.841 6.231 5.789 6.797 5.759 6.638 5.736 5.722 5.383 6.093 5.601 5.814 5.992 6.183 6.698 6.620 5.541 6.319 5.506 5.128 5.760 5.548 5.032 5.987 6.792 6.588 6.529 6.213 5.504 5.104 6.257 6.890 7.313 7.741 8.032 7.781 6.564 5.887 5.238 5.001 4.438 6.272 6.864 6.947 6.438 7.659 7.839 5.858 4.481 5.268 5.482 5.565 5.817 6.463 6.711 5.717 5.728 5.835 5.815 6.833 6.334 5.551 6.413 7.599 4.914 4.092
2.991 4.745 6.184 7.058 7.143 7.481 7.394 7.229 6.826 6.286 7.250 6.847 7.864 6.836 7.471 6.213 6.612 6.230 6.020 6.261 5.290 6.107 5.879 5.320 5.642 5.952 6.182 6.227 6.341 7.000 5.855 6.663 5.870 5.893 4.694 6.187 5.568 6.641 5.302 6.087 5.967 5.439 4.817 5.371 5.026 5.004 5.383 6.305 6.478 6.095 5.805 6.251 5.849 4.349 4.634 5.559 4.584 6.507 7.056 5.488 6.499 6.722 6.548 5.625 6.026 5.756 6.231 7.113 7.564 7.728 7.409 7.156 6.633 6.200 5.236 6.467 5.580 6.413 5.559 6.213 6.568 6.132 4.842 5.205 5.648 5.378 5.396 6.018 6.756 5.395 5.957 6.392 6.560 6.503 6.424 6.144 6.388 6.949 5.308 4.026
2.958 4.590 5.500 5.857 6.458 6.941 6.198 6.337 6.366 5.587 5.658 4.983 6.741 6.740 7.453 7.062 8.210 7.442 6.133 7.057 6.136 6.124 5.529 6.402 6.605 6.257 6.705 6.699 6.632 6.180 6.403 6.165 6.045 5.723 5.017 6.415 5.491 6.433 5.646 6.641 5.677 4.879 5.171 5.036 5.846 4.544 5.137 4.743 6.109 5.965 6.060 6.270 6.219 5.162 4.755 5.120 5.725 6.165 7.342 7.020 7.250 7.143 6.108 5.050 5.072 5.397 5.890 5.706 6.708 6.480 6.700 6.619 6.337 6.181 5.117 5.597 6.132 5.785 5.444 5.496 6.179 5.895 5.050 5.329 5.327 5.959 5.052 6.085 6.385 5.090 4.956 4.724 5.161 6.206 6.453 6.288 6.880 5.881 4.960 3.781
3.018 4.497 6.320 6.184 6.078 6.566 6.057 6.301 7.052 5.603 5.546 5.729 6.700 6.281 7.752 6.532 7.436 7.459 7.263 7.406 7.090 7.343 6.215 6.976 6.675 6.261 7.229 7.066 6.886 6.755 6.886 6.159 6.271 6.114 5.728 5.658 5.657 7.456 5.554 6.929 6.160 5.540 4.996 5.909 5.608 4.528 5.485 4.717 5.627 5.179 5.609 6.264 6.744 6.023 6.027 5.286 5.045 5.494 6.460 6.043 6.635 6.720 6.449 5.418 4.558 5.047 4.452 4.817 6.069 6.106 6.602 6.768 7.003 6.693 5.637 5.862 5.920 5.652 5.159 5.811 6.472 6.282 5.809 6.069 6.296 6.736 5.679 6.232 6.861 5.963 5.709 4.892 5.947 6.505 6.463 5.989 6.749 6.561 4.755 4.055
3.879 5.466 6.536 6.529 5.475 6.026 6.815 5.805 6.601 5.620 5.256 4.626 5.436 5.601 6.726 6.852 7.499 7.724 8.682 7.870 8.085 8.595 6.815 6.766 7.301 7.520 7.229 6.732 6.576 6.243 6.247 6.119 5.390 6.178 5.674 6.083 6.253 6.835 5.884 6.880 6.726 6.067 5.997 6.306 5.871 4.747 5.238 3.918 5.402 5.614 5.619 5.400 6.516 6.337 6.547 6.055 5.835 5.523 6.107 6.174 6.440 6.522 6.261 5.745 5.115 4.576 4.778 4.723 5.849 6.574 6.308 7.131 6.773 5.483 5.474 5.009 4.807 5.187 4.568 5.071 6.140 5.496 5.594 6.029 6.576 6.618 5.932 5.469 6.065 5.350 5.951 5.868 5.984 5.396 5.472 5.776 7.305 6.834 4.969 3.854
4.125 5.151 6.580 6.933 5.240 6.150 6.075 6.248 6.520 6.426 6.192 5.559 6.167 6.422 7.253 7.369 7.817 7.801 7.843 7.004 8.015 8.075 6.781 7.378 8.087 6.788 6.712 7.233 6.205 5.854 6.114 6.326 5.197 6.510 6.246 6.078 5.910 7.054 6.036 6.840 6.660 6.527 6.694 5.953 6.707 5.706 6.746 4.208 5.007 5.104 5.683 5.042 6.573 6.228 5.408 5.422 6.373 5.125 5.413 5.627 5.091 5.829 5.628 5.300 5.068 5.241 5.203 5.152 5.179 6.005 5.816 6.716 7.367 6.125 5.850 5.819 5.770 5.467 5.379 4.810 5.583 5.820 6.015 6.246 7.062 7.120 6.076 6.250 6.213 5.884 6.035 5.723 5.942 5.351 6.050 5.623 7.009 6.874 5.476 4.401
4.479 5.309 7.513 7.728 5.906 6.121 5.439 5.804 5.547 5.643 6.527 6.478 6.187 6.391 6.600 7.195 7.579 6.825 7.177 7.641 7.476 7.455 6.479 6.593 6.955 6.982 6.443 6.316 5.871 4.809 6.046 5.455 5.739 5.681 5.995 6.746 6.775 7.556 6.255 6.708 6.695 6.181 6.218 6.286 6.783 5.405 6.921 4.889 6.081 5.532 6.294 5.730 5.781 6.043 5.732 4.764 5.801 5.181 5.397 6.043 6.019 5.821 6.016 6.333 5.575 6.314 5.906 5.314 5.548 6.516 6.474 6.353 6.826 5.131 5.334 5.542 5.391 5.715 6.719 5.183 5.863 6.325 6.356 5.580 6.164 6.858 6.677 6.514 6.367 6.268 5.598 5.434 5.110 4.399 5.537 5.422 5.517 6.564 5.471 3.994
4.391 5.509 7.043 7.827 6.627 6.690 7.089 6.432 5.834 5.709 6.071 6.483 6.355 6.932 7.438 7.231 7.250 7.287 6.639 6.738 6.743 6.486 6.161 7.281 7.143 6.796 7.321 6.380 6.491 5.656 6.071 5.750 6.310 6.702 7.044 6.881 6.998 7.406 7.011 7.987 6.532 6.309 6.818 6.104 5.589 5.244 6.890 5.065 6.089 5.271 5.994 5.272 6.437 5.879 6.785 5.854 5.057 4.763 4.695 5.545 5.503 5.776 6.657 6.517 5.369 5.165 6.221 5.972 6.462 6.825 6.375 6.610 6.429 5.481 4.916 5.809 4.949 5.121 6.182 5.685 5.666 6.149 6.738 6.604 6.837 7.187 5.805 6.901 6.503 6.658 6.453 6.294 6.512 5.360 5.518 5.121 5.266 5.688 4.749 3.864
4.272 5.632 7.187 7.868 7.757 6.682 6.634 6.306 5.108 5.298 5.121 5.489 5.693 6.800 6.932 7.358 7.171 7.748 5.817 5.687 6.822 7.001 6.098 6.649 7.401 6.753 6.973 7.281 6.199 5.783 7.235 6.328 6.558 7.545 6.962 6.566 7.068 8.067 6.841 7.218 7.020 6.511 6.220 5.739 6.159 5.739 7.285 5.479 6.214 6.702 8.231 5.954 7.612 7.145 6.673 5.719 6.105 4.910 5.583 5.487 5.669 5.945 6.440 7.310 6.080 5.989 5.910 5.766 4.813 5.487 5.848 7.167 6.675 6.211 5.227 6.169 5.286 4.618 5.630 5.747 5.241 5.493 6.656 6.197 6.216 6.756 6.169 5.873 6.303 6.177 4.757 6.358 6.681 5.050 5.917 5.010 4.703 4.292 4.051 3.324
3.917 5.254 7.733 8.159 7.338 7.219 6.608 6.345 5.436 5.461 5.636 5.744 5.617 5.919 5.488 7.054 6.883 6.542 5.865 6.058 6.346 6.224 5.591 7.156 6.994 6.723 6.889 7.672 7.998 7.304 7.419 7.313 7.088 6.981 6.415 6.130 6.260 7.248 5.687 6.871 5.862 5.622 5.773 5.454 5.225 5.571 6.716 5.420 7.236 6.051 7.089 6.783 7.083 6.838 6.726 5.707 6.095 5.349 5.208 5.779 5.859 5.187 6.176 6.864 5.578 5.101 4.694 5.209 5.160 6.624 6.885 7.401 6.445 6.650 6.227 7.168 5.424 5.590 5.127 5.744 5.084 5.043 6.385 6.130 6.628 6.168 6.517 6.085 6.496 6.845 5.365 5.918 7.012 5.854 6.417 5.833 4.907 3.677 3.285 2.688
3.918 5.010 6.667 7.154 6.804 6.132 6.263 6.122 5.618 4.787 5.102 4.927 4.832 5.576 5.166 6.012 6.891 6.867 6.323 6.163 6.454 6.965 5.911 7.745 7.363 6.374 6.669 7.036 6.411 6.508 7.574 7.637 7.778 7.533 7.481 6.610 6.038 6.343 6.646 7.159 6.064 5.615 5.380 5.267 5.127 5.703 6.036 6.386 7.131 6.109 7.187 7.198 7.648 7.212 7.483 6.858 6.485 4.738 5.722 5.876 6.480 5.940 6.144 5.877 5.218 6.223 5.942 5.462 5.568 5.745 6.760 6.899 7.400 6.937 6.172 7.060 5.581 4.945 4.778 5.406 6.049 5.332 6.274 5.978 5.977 6.117 5.781 6.015 5.815 6.506 6.126 6.534 7.253 6.140 6.300 6.367 5.859 4.695 3.876 3.220
3.697 4.351 5.175 6.669 5.547 5.508 5.551 6.094 5.585 5.326 5.322 6.007 5.424 5.132 4.568 5.053 4.979 5.635 6.081 6.614 6.395 7.125 7.024 7.429 7.890 6.423 6.507 6.422 7.245 7.332 7.667 7.935 8.147 8.219 7.422 6.490 6.239 6.249 6.522 6.750 6.178 5.977 6.170 5.360 5.360 6.246 6.574 7.509 7.260 6.863 6.952 6.733 6.312 6.372 7.528 6.820 7.293 6.229 7.226 5.795 5.909 5.600 6.303 5.557 5.079 6.053 5.328 4.915 5.225 5.461 6.802 6.676 7.334 7.572 6.178 5.457 5.130 5.313 4.331 5.112 5.717 5.590 5.095 6.134 6.789 6.408 6.404 5.588 5.692 6.685 5.908 6.755 5.893 6.292 6.232 5.983 6.801 5.895 4.261 3.420
4.393 4.882 5.668 6.728 5.810 5.273 4.980 6.581 5.191 6.158 6.475 6.477 5.874 4.964 4.176 4.828 4.703 5.784 6.253 6.719 6.822 7.729 7.150 6.551 7.253 6.779 5.424 5.609 5.948 5.584 5.836 6.548 6.787 6.900 6.918 7.191 6.489 6.489 6.056 6.503 6.771 6.431 6.727 5.950 5.993 6.961 7.066 6.229 7.182 6.586 6.356 6.842 6.953 7.639 6.846 6.743 7.209 7.342 6.755 6.679 6.205 4.963 5.678 4.817 4.497 5.885 6.255 6.558 6.166 6.109 5.572 5.814 6.222 5.543 5.616 5.669 5.530 5.824 4.943 4.833 5.019 4.905 5.862 6.394 6.910 5.903 7.548 7.093 6.235 6.036 5.253 5.870 6.193 6.268 5.634 6.016 5.891 5.508 4.901 3.578
4.514 5.111 6.317 6.909 6.205 6.064 4.993 7.118 5.837 5.901 6.701 7.157 5.590 5.804 4.549 5.359 4.724 5.550 5.474 6.514 6.532 6.616 6.751 7.030 6.808 6.521 5.694 4.776 5.565 5.991 6.457 7.030 7.591 7.377 6.785 6.612 6.508 5.638 6.307 6.473 6.295 5.611 6.287 6.406 6.136 6.442 6.038 6.968 6.412 6.682 5.346 6.509 6.014 6.230 6.498 6.339 6.085 6.338 6.386 6.392 6.356 5.195 5.669 5.478 4.795 5.335 6.176 6.458 6.239 7.040 6.340 5.556 5.420 6.140 5.737 5.454 5.445 5.862 4.939 5.148 5.571 5.729 5.015 5.900 6.372 6.251 6.936 7.230 6.513 5.540 5.737 5.886 5.637 5.450 6.038 5.061 5.864 5.183 4.358 3.126
4.111 4.735 6.093 5.983 6.129 5.765 5.148 6.706 5.821 5.740 5.119 6.948 5.734 5.559 5.119 5.266 4.022 5.774 6.475 7.271 6.984 6.767 6.024 6.490 6.196 5.986 5.535 5.109 6.014 5.195 5.671 5.559 5.996 6.163 6.952 7.008 6.826 7.764 7.323 6.391 6.233 5.953 6.009 5.071 5.700 6.402 5.968 6.604 5.390 6.234 5.355 6.104 5.346 6.770 7.289 7.236 6.172 6.227 5.843 5.523 6.015 5.053 5.460 4.976 5.044 6.449 5.954 6.195 5.970 7.090 5.842 5.068 5.783 5.975 5.961 4.801 6.261 6.898 6.172 5.397 5.720 6.558 6.045 7.252 7.394 6.591 6.804 6.001 6.149 5.783 6.238 6.009 5.489 5.924 5.724 5.058 5.314 4.728 4.041 2.894
3.820 4.614 5.353 6.272 6.540 5.652 5.459 6.767 5.532 6.157 5.984 6.861 5.866 5.714 5.339 5.536 5.190 6.315 6.329 6.684 6.471 6.479 5.578 5.715 6.064 5.869 5.753 4.992 4.994 4.714 5.292 5.706 6.315 5.979 6.805 7.518 7.110 6.736 6.854 6.327 6.133 6.335 5.620 5.083 6.046 5.800 5.312 5.382 5.493 5.630 5.877 6.568 5.720 6.513 6.290 5.740 5.392 6.617 5.805 5.507 6.243 6.264 5.820 5.252 6.259 6.516 6.105 6.507 6.414 6.849 5.711 4.971 5.275 5.329 5.873 5.727 6.581 6.121 5.167 5.383 5.074 5.937 5.725 6.563 7.119 6.717 7.035 6.870 6.604 5.253 5.126 5.623 5.490 5.606 5.408 5.097 4.518 5.038 4.097 2.338
2.754 4.323 5.542 5.656 5.767 5.614 5.389 6.962 6.059 5.623 5.457 6.313 5.506 6.082 5.972 5.633 5.274 5.885 6.864 6.427 7.006 6.643 5.765 5.566 6.674 5.776 5.491 6.349 5.247 5.887 5.595 5.742 5.809 5.202 5.757 6.847 6.884 7.013 7.524 6.703 5.559 5.436 5.432 4.604 5.716 6.322 5.015 6.708 5.505 5.221 5.354 5.303 5.679 5.484 5.864 6.194 5.596 6.305 6.078 5.355 5.882 6.427 6.365 5.810 5.651 5.832 5.965 6.542 6.365 6.502 6.442 5.522 5.101 6.089 5.364 5.322 5.174 5.835 6.672 6.329 6.291 6.541 6.754 6.921 6.537 6.699 6.968 6.180 6.719 5.886 6.149 5.967 5.749 5.526 5.385 4.804 4.761 4.446 4.045 3.345
2.846 4.018 5.639 5.695 6.132 6.730 5.280 6.118 5.455 5.617 5.762 6.695 6.168 6.403 6.549 5.369 6.139 6.462 6.657 7.288 6.727 6.115 5.955 5.831 6.322 5.695 5.850 6.401 6.632 5.942 5.892 6.138 6.305 6.168 6.448 6.853 6.568 6.843 7.709 6.024 5.825 5.222 5.685 4.068 4.772 5.805 4.851 6.218 6.105 5.946 5.661 6.750 5.122 6.125 5.902 6.174 5.700 5.935 6.807 5.754 5.814 6.654 7.103 5.559 5.692 6.588 6.384 6.035 6.171 6.599 6.470 5.942 5.076 5.038 4.791 4.655 5.823 5.630 6.263 6.784 6.904 7.213 7.122 6.510 5.905 5.895 6.343 6.378 7.296 7.776 7.279 6.703 6.758 5.548 5.838 5.239 5.447 4.801 4.723 3.029
2.864 3.676 4.712 6.046 6.350 5.594 5.136 5.197 5.818 5.692 5.980 6.482 5.816 6.584 6.909 6.011 5.912 4.986 6.280 6.733 6.592 7.037 6.884 5.702 6.519 6.499 6.949 7.566 6.599 7.470 6.489 7.040 7.255 6.353 6.394 6.284 6.194 6.261 7.120 6.188 5.916 5.727 5.840 4.179 5.034 5.391 5.099 6.120 7.311 6.332 6.420 7.062 5.926 5.763 6.427 6.250 5.334 5.995 7.081 6.719 6.298 6.258 7.110 5.893 6.564 6.127 6.426 6.431 5.816 6.304 5.291 5.071 5.420 4.519 4.089 4.451 5.241 5.026 5.736 6.320 7.168 6.490 6.800 7.077 7.393 6.908 6.988 6.165 6.951 6.970 7.857 7.143 7.847 5.957 6.115 5.690 5.013 4.921 3.874 3.682
2.811 4.009 5.669 6.396 6.012 6.244 6.187 5.580 5.041 5.619 5.970 7.052 6.703 7.064 6.909 6.569 6.117 6.601 6.580 5.894 6.230 5.771 5.706 5.618 6.720 7.343 7.065 7.787 7.018 7.296 7.107 7.308 7.709 7.195 5.977 6.213 5.615 6.043 6.474 6.597 6.084 5.111 5.961 4.546 5.480 5.673 5.124 4.748 5.874 5.257 5.922 6.276 6.213 5.372 6.616 6.493 5.725 5.142 6.498 6.178 6.530 6.324 7.066 5.174 5.830 6.494 6.486 6.681 6.743 6.915 6.022 5.116 5.238 5.050 4.511 4.750 5.132 5.438 6.283 6.329 7.009 6.222 6.317 6.236 5.641 5.330 5.858 5.584 6.630 7.096 7.823 7.432 7.648 6.258 5.677 5.313 5.450 4.693 4.401 3.415
3.368 4.384 6.274 6.634 6.706 6.545 5.875 5.925 5.484 5.902 6.800 7.369 6.607 6.353 6.410 6.046 5.733 5.306 5.178 5.907 6.029 5.668 6.106 5.990 5.815 6.132 7.112 6.773 6.976 7.321 7.205 7.129 7.050 7.994 6.516 5.999 5.854 5.826 6.309 6.224 6.303 5.846 6.249 5.195 5.234 5.075 6.257 5.335 5.664 5.459 5.381 6.074 6.198 5.308 6.371 6.401 6.294 5.103 5.832 6.074 5.419 6.018 7.495 6.119 5.346 5.970 6.762 6.401 6.617 7.169 6.073 4.999 5.299 5.682 5.334 5.545 6.563 6.923 6.817 6.770 7.594 6.463 5.891 5.762 6.285 5.082 5.534 5.360 5.181 5.709 6.568 7.157 7.540 6.503 6.198 5.992 6.621 4.397 3.934 3.160
3.573 4.489 6.104 6.057 6.619 5.474 5.637 5.565 5.491 6.090 6.129 6.693 6.529 7.475 6.121 5.854 6.020 5.372 5.317 5.786 6.125 5.801 5.555 5.425 5.414 6.610 6.332 6.175 6.373 6.674 6.446 7.287 7.166 7.625 7.519 6.271 5.891 6.517 6.062 6.185 6.798 6.505 5.788 5.266 4.912 4.818 6.501 5.467 5.302 4.724 6.090 5.769 6.487 6.106 5.937 6.093 6.153 5.603 5.801 7.326 7.124 6.083 7.527 7.589 6.007 5.733 6.524 6.026 5.614 7.309 6.708 6.081 5.458 6.438 5.104 5.747 7.133 7.135 6.939 6.862 7.311 7.308 6.032 6.415 6.757 5.286 5.007 4.902 5.643 5.040 5.314 6.106 6.678 6.202 5.697 5.552 6.282 4.980 4.173 3.698
4.002 4.714 7.080 6.649 5.831 5.589 6.040 5.604 5.319 6.170 6.871 7.270 7.105 6.924 6.376 6.917 5.864 6.513 5.626 4.985 6.104 5.791 5.295 5.762 6.246 6.157 4.987 5.445 4.886 5.474 5.698 6.209 6.002 7.167 6.680 6.190 5.765 7.581 5.938 6.512 5.768 5.733 5.245 5.089 5.596 4.533 6.554 6.087 5.431 5.089 5.591 5.361 5.597 5.924 7.220 6.124 5.975 5.439 6.282 6.869 6.937 7.220 7.815 8.275 7.266 7.062 7.058 6.396 5.494 6.422 6.965 5.638 5.924 5.850 5.187 6.301 6.679 7.265 7.395 7.005 6.076 6.929 5.093 5.800 6.253 6.306 5.581 5.966 5.549 5.790 5.564 6.224 6.916 5.950 6.076 5.390 6.691 4.994 3.807 3.069
3.834 5.140 6.624 5.658 5.889 5.072 4.719 5.000 4.908 5.193 6.501 7.037 6.950 6.818 6.075 6.274 5.777 5.715 6.166 6.677 5.689 6.769 6.027 5.798 5.800 6.135 5.523 5.635 5.385 5.578 5.513 5.723 5.704 6.597 6.783 6.918 5.746 7.291 5.664 5.851 6.596 7.025 4.802 5.312 4.520 5.206 5.619 6.255 5.502 6.106 6.450 5.521 6.412 6.015 6.851 6.375 6.887 5.258 5.560 6.722 6.766 7.317 7.448 8.697 7.152 6.838 5.918 5.389 5.235 6.074 6.082 5.899 6.600 6.683 6.145 6.920 7.488 7.926 7.634 7.569 6.590 7.481 6.277 6.416 7.092 6.563 6.064 6.156 6.725 6.756 6.003 5.653 6.932 5.827 5.732 5.435 5.648 4.208 4.173 2.703
2.955 3.931 5.952 5.794 5.513 5.124 4.498 4.933 4.649 5.228 6.011 7.164 7.580 6.784 6.886 6.531 5.869 5.708 6.012 6.418 5.778 6.003 6.132 5.571 5.466 6.569 6.795 5.732 5.746 6.308 5.569 5.678 6.416 6.489 6.683 7.160 5.786 6.209 5.706 6.430 5.951 7.061 5.222 6.415 5.774 5.713 5.188 6.466 6.124 5.784 6.287 6.150 6.233 7.287 7.293 6.784 6.338 5.077 5.525 6.075 6.020 7.209 6.651 8.364 6.707 7.171 5.643 6.137 4.618 5.390 6.292 5.679 6.591 7.348 5.992 5.979 7.917 7.647 7.218 7.223 6.229 6.690 5.310 6.095 6.724 6.613 6.543 7.160 6.042 5.788 6.312 5.772 7.230 6.407 6.077 5.857 6.835 5.209 4.358 3.153
2.059 3.740 4.971 5.733 5.228 5.135 4.015 4.123 4.503 4.617 5.235 6.526 6.635 6.652 5.965 6.370 5.356 5.277 5.773 6.066 6.208 6.377 6.429 6.534 6.134 6.082 6.230 6.656 5.660 5.781 6.606 6.471 7.330 6.695 7.438 6.713 5.981 6.755 5.498 5.381 5.163 6.187 5.866 6.085 6.328 6.057 5.575 5.932 5.172 5.583 6.478 6.361 6.920 7.311 7.027 6.160 6.486 4.794 4.730 5.717 5.298 5.968 6.393 7.842 6.588 7.313 6.404 5.579 4.770 5.105 5.196 5.577 6.208 7.074 7.239 6.566 7.966 8.085 7.523 8.100 7.207 7.289 6.153 6.450 6.086 7.056 5.977 5.955 5.252 6.392 6.742 5.809 6.940 5.825 6.192 5.948 7.422 5.442 4.303 3.210
1.978 3.248 5.102 4.808 5.423 6.043 4.377 4.882 4.155 5.548 6.072 6.384 7.220 6.086 5.912 6.128 5.694 4.590 5.177 6.921 6.362 6.644 6.349 6.372 5.716 5.777 6.283 6.757 6.488 5.803 6.843 6.187 7.460 6.838 6.753 6.748 6.173 6.118 5.676 5.141 5.752 6.451 6.090 6.062 6.081 6.120 5.966 6.078 5.893 6.410 6.170 5.954 6.300 6.270 5.776 5.754 6.275 4.857 4.971 5.664 5.172 5.456 6.407 6.751 6.398 7.073 6.752 7.119 6.005 5.946 5.689 5.964 6.092 6.355 6.894 7.438 7.771 8.085 6.987 7.522 6.887 6.715 5.915 5.630 5.493 5.831 6.007 6.294 6.218 5.961 5.461 5.732 6.225 6.482 6.396 6.915 8.020 6.079 5.694 3.437
2.191 2.791 4.136 5.022 4.602 5.943 5.242 5.009 4.754 5.487 6.176 6.609 6.909 5.849 5.430 5.170 5.420 5.556 5.210 6.560 6.399 6.139 6.107 6.857 6.372 6.368 6.004 6.249 5.795 5.814 6.673 6.545 7.540 6.895 6.493 6.574 6.156 5.814 5.987 6.213 4.569 5.485 5.301 5.898 5.881 5.694 4.953 5.578 5.587 6.322 5.710 6.445 6.721 6.674 6.423 5.989 6.988 5.302 5.059 5.169 5.440 5.203 5.673 6.438 5.405 6.989 6.628 6.940 6.977 5.884 6.028 6.713 5.203 5.794 6.479 6.600 6.862 8.418 7.253 7.073 6.743 7.372 5.765 5.933 6.051 5.275 5.762 5.554 5.622 5.411 5.686 5.893 6.624 5.774 6.542 6.153 7.241 6.825 5.991 4.006
2.369 3.117 4.077 4.065 4.097 5.063 5.346 5.574 5.476 5.755 6.186 7.193 6.788 6.145 5.578 4.884 5.992 6.410 6.711 6.963 6.886 6.464 6.598 6.312 5.474 5.820 5.039 5.970 6.412 5.576 6.583 6.856 7.405 6.332 6.675 6.308 6.638 5.856 6.090 6.739 6.240 5.730 5.739 6.327 6.709 5.284 5.418 5.752 5.934 5.790 5.982 5.434 5.585 5.499 4.993 4.297 5.800 5.245 4.947 5.476 5.817 5.934 5.738 6.623 5.919 6.067 6.178 7.124 6.962 6.471 6.135 6.813 5.655 5.708 6.820 6.165 5.944 7.084 6.734 7.048 7.206 7.536 5.711 6.141 5.771 5.305 6.116 5.564 6.115 6.614 5.908 6.314 6.216 5.945 6.096 6.879 7.057 7.113 5.746 4.217
3.051 3.395 4.393 4.429 4.632 4.751 5.244 6.799 5.975 6.676 7.367 7.102 7.060 6.630 5.716 5.309 5.356 6.544 7.074 7.442 6.467 6.816 6.690 6.459 6.523 6.896 6.100 6.231 5.498 5.395 5.720 5.655 6.765 6.205 6.267 5.580 6.026 5.301 6.404 6.674 5.400 5.039 5.492 5.404 6.571 6.873 6.503 6.275 6.760 6.550 6.639 6.471 7.093 6.165 6.098 4.868 6.046 5.879 6.422 6.291 6.161 6.159 6.213 7.069 6.155 5.599 5.936 5.947 6.195 6.300 6.629 7.663 7.183 6.527 6.394 6.789 5.049 6.484 6.631 6.291 6.624 7.033 7.059 7.408 7.511 6.706 6.743 6.699 6.070 6.339 6.781 6.031 6.221 6.845 6.232 7.372 6.367 6.345 5.501 4.436
3.227 3.869 5.111 5.319 5.718 5.443 5.826 6.650 6.626 7.448 6.952 6.540 5.592 5.788 5.724 4.910 5.356 7.360 6.639 7.796 6.538 6.399 6.054 6.979 5.976 6.722 5.794 5.402 5.588 5.708 6.025 5.716 6.395 5.781 6.455 5.162 6.927 6.122 5.666 6.516 6.300 5.641 5.876 6.374 6.370 6.851 7.132 6.570 6.373 6.181 6.200 6.590 6.218 5.972 6.557 5.237 6.098 5.486 5.694 6.051 6.284 7.337 6.372 5.915 5.319 5.303 5.552 6.246 6.293 6.365 7.280 7.568 7.175 6.963 7.660 7.294 5.916 6.007 5.845 5.713 6.114 6.234 5.739 6.581 7.207 6.908 6.844 7.023 7.342 6.678 6.365 6.650 6.903 6.786 7.288 7.879 6.886 7.709 6.755 4.505
3.636 5.016 6.058 5.505 6.066 6.110 5.713 6.922 7.074 7.252 6.403 6.841 6.241 6.082 5.295 5.256 4.513 5.472 5.514 7.201 6.419 6.182 5.950 6.964 5.651 7.430 6.994 6.721 5.617 6.413 5.679 5.728 6.545 5.723 7.136 6.300 6.520 5.921 6.311 6.135 7.063 5.972 5.165 6.173 6.469 6.978 7.768 8.332 7.569 7.378 6.753 7.229 6.360 6.162 6.649 5.364 5.925 5.696 6.968 6.788 7.953 7.544 6.585 6.492 5.717 5.603 4.561 6.522 5.748 6.105 6.702 7.835 7.160 6.869 7.007 6.274 5.322 5.167 5.249 5.322 5.935 5.705 5.449 6.085 6.678 6.573 6.475 6.972 7.380 6.671 6.633 6.948 7.466 6.704 7.553 7.700 6.806 7.047 6.063 4.374
3.911 5.756 7.477 6.739 6.497 6.754 7.082 7.073 6.400 7.193 6.536 6.290 5.790 6.042 5.520 6.096 4.706 5.762 5.900 6.586 5.532 6.068 5.600 6.026 5.137 7.064 7.218 6.963 5.911 6.700 6.179 6.775 6.999 6.805 7.483 6.853 7.093 6.925 7.079 6.803 6.813 6.657 6.220 7.587 7.469 7.232 7.142 8.359 7.170 7.050 7.148 6.896 6.797 5.787 6.471 5.547 6.022 5.708 6.463 6.042 6.318 6.804 6.672 6.894 5.521 6.192 4.355 5.815 5.668 6.259 6.903 7.995 6.287 7.105 6.605 6.827 5.716 6.253 5.032 4.759 6.166 4.724 5.899 5.285 6.486 6.207 6.299 7.008 7.039 6.604 6.873 6.902 6.580 7.071 6.996 8.168 6.770 7.013 6.304 4.893
4.238 6.220 8.028 8.012 7.990 7.267 6.900 6.637 6.402 6.348 6.944 6.130 5.559 6.225 6.058 6.039 5.769 6.074 5.371 6.210 5.047 6.841 5.773 6.303 5.381 7.204 7.765 7.194 6.386 7.307 7.071 7.042 7.009 7.179 7.952 7.848 8.248 6.658 7.629 7.141 6.308 7.077 5.990 6.728 6.559 7.143 7.014 7.977 7.489 6.770 6.335 7.373 6.544 5.949 6.274 5.717 6.226 5.121 6.697 5.713 6.332 6.879 7.105 7.015 6.375 7.076 4.705 5.487 5.643 6.361 6.451 7.434 7.698 7.488 7.397 6.618 5.205 5.867 4.627 4.171 5.350 5.284 6.442 6.481 6.023 6.438 7.015 6.553 7.676 7.309 6.881 7.838 7.103 6.566 6.512 6.841 5.999 6.431 5.337 3.967
3.996 5.129 7.047 7.484 7.232 7.227 6.417 6.579 6.218 5.942 6.051 5.884 5.890 6.040 5.700 6.484 6.258 6.153 5.854 6.072 5.634 5.765 5.116 6.009 4.813 6.013 6.696 7.682 6.336 6.991 7.177 6.779 6.827 7.111 7.828 6.945 7.047 6.793 7.411 7.012 6.803 6.975 6.988 7.192 7.562 7.646 6.724 7.650 6.178 6.138 5.546 6.631 6.237 5.923 6.449 6.134 5.819 6.002 6.361 5.887 6.102 5.834 5.992 6.004 6.208 6.920 6.076 5.622 6.080 6.356 6.109 7.293 6.660 6.849 7.089 6.372 6.360 6.607 5.622 4.637 5.782 6.186 6.514 5.809 6.769 6.389 6.655 6.006 6.694 7.234 6.579 7.507 7.067 6.561 5.931 7.127 6.210 5.757 5.385 4.352
3.741 4.185 6.056 6.479 6.507 6.986 7.240 6.786 7.040 6.029 6.287 6.520 6.278 7.044 7.176 7.492 6.421 6.003 5.955 5.715 4.976 5.235 5.150 5.666 5.366 4.987 5.539 6.357 5.368 6.756 6.667 6.429 5.675 6.503 5.951 6.548 6.773 6.972 7.506 7.402 7.124 7.806 7.376 7.525 7.254 7.187 5.516 6.571 6.104 4.719 4.911 6.254 6.252 6.282 6.727 6.664 5.962 5.837 5.319 4.767 5.502 5.365 5.726 5.273 6.156 6.667 6.498 6.010 6.323 7.195 7.194 7.204 7.456 7.301 7.284 6.813 6.344 6.433 5.607 5.831 5.459 6.150 7.050 7.606 7.163 6.703 6.359 6.431 6.520 7.573 6.627 7.023 6.981 7.174 6.445 6.634 5.822 6.026 4.601 3.867
4.544 5.046 6.209 5.863 5.530 5.653 6.086 6.963 7.273 6.420 6.642 6.501 6.748 7.053 7.303 6.376 7.740 6.697 6.804 6.691 5.654 5.981 5.684 5.564 4.710 4.691 4.488 5.753 5.693 5.970 7.330 6.642 5.475 5.786 6.090 5.976 6.142 6.418 7.240 7.704 6.850 7.612 6.987 7.298 6.775 7.272 5.035 5.251 4.606 4.159 4.213 5.296 6.679 5.823 6.759 6.713 7.146 5.744 6.077 5.823 5.481 5.073 5.079 4.252 4.994 5.924 6.159 6.075 7.396 7.491 7.775 7.362 7.780 7.454 7.523 6.536 6.620 7.591 5.941 6.600 6.650 6.814 7.052 7.165 6.107 6.096 6.472 6.025 6.344 6.813 6.584 6.881 6.280 5.677 5.512 6.680 5.445 5.944 4.308 3.583
4.180 5.227 5.971 5.412 6.460 5.863 5.827 6.494 6.636 6.530 6.027 6.876 7.169 6.595 7.591 7.006 7.332 6.440 6.676 7.156 7.386 6.508 6.865 5.945 5.403 5.729 4.918 6.065 5.737 5.503 6.270 6.400 4.772 5.204 6.560 6.083 5.167 6.652 6.918 7.060 6.967 7.218 7.324 6.185 5.589 6.023 4.931 5.629 4.852 5.181 4.406 4.983 6.342 6.078 6.243 6.257 5.776 6.140 5.795 5.682 4.842 5.502 5.991 5.047 5.847 6.255 7.006 5.517 6.869 7.571 7.247 7.959 7.078 7.311 8.244 7.611 6.574 7.790 7.478 6.133 6.446 6.884 6.522 7.491 7.077 7.044 7.316 7.383 6.211 7.160 6.795 6.435 5.541 5.064 5.409 5.689 5.511 5.973 4.173 3.609
3.422 4.209 6.654 5.619 6.273 5.327 5.203 5.112 5.419 6.433 5.879 6.596 6.954 7.401 7.558 7.424 6.540 5.684 6.330 6.984 7.103 7.268 6.805 6.314 5.404 5.108 5.279 6.225 6.780 6.899 6.053 6.923 5.534 5.817 6.016 5.356 5.569 6.310 6.948 6.793 7.165 7.542 6.990 5.690 5.928 6.676 5.061 5.636 5.713 5.982 5.563 5.662 6.126 6.039 5.429 5.723 6.017 6.189 6.451 6.379 6.200 6.215 5.891 5.481 5.416 5.875 6.873 6.041 6.797 7.244 7.696 7.373 6.671 6.931 6.660 6.938 6.587 7.974 7.522 7.557 7.101 6.647 6.027 7.035 6.035 6.209 6.892 7.418 6.760 7.231 6.874 5.999 4.934 5.526 5.634 5.755 5.244 6.503 5.376 3.764
3.404 4.523 7.118 5.570 6.248 5.213 4.955 4.907 4.938 5.124 5.336 5.705 5.510 5.728 6.632 6.729 6.769 5.887 7.063 6.821 6.853 6.766 6.333 6.623 5.730 5.270 5.425 5.831 6.307 6.873 5.530 7.191 6.209 5.751 6.820 6.594 5.727 7.068 6.278 6.436 6.260 6.719 6.632 6.190 5.562 6.464 5.626 5.787 5.980 7.111 6.828 6.628 6.231 5.973 5.346 4.923 5.679 6.009 6.151 6.938 5.915 6.232 6.452 6.806 5.825 5.521 6.221 5.161 5.339 5.925 6.880 6.421 6.562 6.571 7.033 6.884 6.664 7.207 7.421 7.826 7.776 6.585 5.640 6.323 6.504 5.614 6.523 7.808 7.119 6.884 7.776 6.809 5.446 4.762 5.045 5.273 5.251 6.106 5.401 3.862
2.219 2.693 4.778 4.651 4.906 4.373 3.876 2.877 2.977 3.267 3.225 4.455 3.848 4.196 4.276 4.633 4.720 4.569 5.149 4.730 5.114 4.754 4.901 4.829 4.455 3.924 4.032 4.611 4.524 5.415 3.722 5.524 5.371 5.043 5.084 4.956 4.385 4.950 5.049 4.556 4.491 5.290 5.350 3.751 3.901 4.922 5.399 4.849 4.302 5.341 5.337 4.663 4.858 5.181 3.995 3.481 3.656 4.560 4.569 5.110 5.421 5.454 4.744 5.171 4.639 4.173 4.151 3.839 3.951 3.912 4.547 4.127 4.647 4.647 4.960 5.496 4.773 5.032 5.550 5.566 5.467 5.448 4.826 4.710 4.740 3.738 4.706 4.985 4.891 4.726 6.361 4.826 4.117 3.981 3.933 4.052 3.847 4.461 4.731 2.910
1.103 1.595 3.007 3.523 3.359 2.670 2.685 1.697 2.304 1.890 2.148 2.990 2.004 2.176 2.168 2.914 2.961 2.567 3.451 2.988 3.273 3.680 3.072 2.731 2.936 2.893 2.866 2.879 2.660 3.575 2.978 3.264 3.308 3.060 3.283 3.706 3.093 3.709 3.600 2.875 3.140 3.243 3.166 2.614 2.579 3.358 3.756 3.113 2.714 4.004 3.984 3.459 3.167 3.775 2.443 2.286 2.742 3.160 2.855 3.505 3.092 3.478 3.291 3.506 2.895 2.955 3.227 2.931 2.227 1.664 2.698 2.610 2.468 3.497 3.038 3.217 3.448 3.757 3.220 3.580 4.117 3.562 3.259 3.018 3.038 2.005 2.887 3.973 3.711 3.189 4.162 3.960 2.977 2.867 2.681 2.211 2.567 2.913 3.136 1.752
